"","match_id","team1","team2","team1goals","team2goals","team1rank","team2rank","team1points","team2points","diff_goal_abs","diff_goal_ratio","diff_rank","diff_point_abs","diff_point_ratio"
"1",16990,"Montenegro","Israel",1,3,34,37,1368,1283,-2,0.333333333333333,3,85,1.06625097427903
"2",16990,"Israel","Montenegro",3,1,37,34,1283,1368,2,3,-3,-85,0.937865497076023
"3",16989,"Sweden","Armenia",3,1,13,39,1569,1273,2,3,26,296,1.23252160251375
"4",16989,"Armenia","Sweden",1,3,39,13,1273,1569,-2,0.333333333333333,-26,-296,0.811344805608668
"5",16988,"Wales","Albania",0,0,12,35,1570,1362,0,NA,23,208,1.15271659324523
"6",16988,"Albania","Wales",0,0,35,12,1362,1570,0,NA,-23,-208,0.867515923566879
"7",16987,"Russia","Bulgaria",1,0,21,36,1462,1339,1,Inf,15,123,1.09185959671397
"8",16987,"Bulgaria","Russia",0,1,36,21,1339,1462,-1,0,-15,-123,0.915868673050616
"9",16986,"Slovenia","Gibraltar",6,0,33,54,1369,880,6,Inf,21,489,1.55568181818182
"10",16986,"Gibraltar","Slovenia",0,6,54,33,880,1369,-6,0,-21,-489,0.642804967129291
"11",16985,"Faroe Islands","Iceland",0,1,44,29,1165,1415,-1,0,-15,-250,0.823321554770318
"12",16985,"Iceland","Faroe Islands",1,0,29,44,1415,1165,1,Inf,15,250,1.21459227467811
"13",16984,"Italy","Czech Republic",4,0,6,22,1642,1458,4,Inf,16,184,1.12620027434842
"14",16984,"Czech Republic","Italy",0,4,22,6,1458,1642,-4,0,-16,-184,0.887941534713764
"15",16983,"Hungary","Cyprus",1,0,20,42,1468,1240,1,Inf,22,228,1.18387096774194
"16",16983,"Cyprus","Hungary",0,1,42,20,1240,1468,-1,0,-22,-228,0.844686648501362
"17",16982,"Spain","Portugal",0,0,5,4,1648,1666,0,NA,-1,-18,0.989195678271308
"18",16982,"Portugal","Spain",0,0,4,5,1666,1648,0,NA,1,18,1.01092233009709
"19",16981,"Latvia","Lithuania",3,1,49,48,1081,1102,2,3,-1,-21,0.980943738656987
"20",16981,"Lithuania","Latvia",1,3,48,49,1102,1081,-2,0.333333333333333,1,21,1.01942645698427
"21",16980,"North Macedonia","Kazakhstan",4,0,32,47,1374,1147,4,Inf,15,227,1.19790758500436
"22",16980,"Kazakhstan","North Macedonia",0,4,47,32,1147,1374,-4,0,-15,-227,0.834788937409025
"23",16979,"Finland","Estonia",0,1,30,45,1410,1161,-1,0,15,249,1.21447028423773
"24",16979,"Estonia","Finland",1,0,45,30,1161,1410,1,Inf,-15,-249,0.823404255319149
"25",16978,"Malta","Kosovo",1,2,51,46,955,1151,-1,0.5,-5,-196,0.829713292788879
"26",16978,"Kosovo","Malta",2,1,46,51,1151,955,1,2,5,196,1.20523560209424
"27",16977,"Belgium","Greece",1,1,1,28,1783,1418,0,1,27,365,1.2574047954866
"28",16977,"Greece","Belgium",1,1,28,1,1418,1783,0,1,-27,-365,0.795288839035334
"29",16976,"Ukraine","Northern Ireland",1,0,16,27,1514,1425,1,Inf,11,89,1.06245614035088
"30",16976,"Northern Ireland","Ukraine",0,1,27,16,1425,1514,-1,0,-11,-89,0.941215323645971
"31",16975,"Turkey","Moldova",2,0,18,52,1505,948,2,Inf,34,557,1.58755274261603
"32",16975,"Moldova","Turkey",0,2,52,18,948,1505,-2,0,-34,-557,0.629900332225914
"33",16973,"Switzerland","Liechtenstein",7,0,9,53,1606,911,7,Inf,44,695,1.7628979143798
"34",16973,"Liechtenstein","Switzerland",0,7,53,9,911,1606,-7,0,-44,-695,0.567247820672478
"35",16972,"France","Wales",3,0,2,12,1757,1570,3,Inf,10,187,1.11910828025478
"36",16972,"Wales","France",0,3,12,2,1570,1757,-3,0,-10,-187,0.893568582811611
"37",16971,"Germany","Denmark",1,1,8,7,1609,1631,0,1,-1,-22,0.986511342734519
"38",16971,"Denmark","Germany",1,1,7,8,1631,1609,0,1,1,22,1.01367308887508
"39",16970,"England","Austria",1,0,3,15,1686,1523,1,Inf,12,163,1.10702560735391
"40",16970,"Austria","England",0,1,15,3,1523,1686,-1,0,-12,-163,0.903321470937129
"41",16969,"Netherlands","Scotland",2,2,11,25,1598,1441,0,1,14,157,1.1089521165857
"42",16969,"Scotland","Netherlands",2,2,25,11,1441,1598,0,1,-14,-157,0.901752190237797
"43",16968,"Romania","Georgia",1,2,24,40,1449,1259,-1,0.5,16,190,1.15091342335187
"44",16968,"Georgia","Romania",2,1,40,24,1259,1449,1,2,-16,-190,0.868875086266391
"45",16967,"Norway","Luxembourg",1,0,23,41,1452,1244,1,Inf,18,208,1.16720257234727
"46",16967,"Luxembourg","Norway",0,1,41,23,1244,1452,-1,0,-18,-208,0.856749311294766
"47",16966,"Belarus","Azerbaijan",1,2,38,43,1276,1168,-1,0.5,5,108,1.09246575342466
"48",16966,"Azerbaijan","Belarus",2,1,43,38,1168,1276,1,2,-5,-108,0.915360501567398
"49",16964,"Poland","Russia",1,1,14,21,1549,1462,0,1,7,87,1.05950752393981
"50",16964,"Russia","Poland",1,1,21,14,1462,1549,0,1,-7,-87,0.943834732085216
"51",16963,"Lithuania","Estonia",0,1,48,45,1102,1161,-1,0,-3,-59,0.949181739879414
"52",16963,"Estonia","Lithuania",1,0,45,48,1161,1102,1,Inf,3,59,1.0535390199637
"53",16962,"Croatia","Armenia",1,1,10,39,1605,1273,0,1,29,332,1.26080125687353
"54",16962,"Armenia","Croatia",1,1,39,10,1273,1605,0,1,-29,-332,0.793146417445483
"55",16961,"Bulgaria","Slovakia",1,1,36,19,1339,1475,0,1,-17,-136,0.907796610169492
"56",16961,"Slovakia","Bulgaria",1,1,19,36,1475,1339,0,1,17,136,1.10156833457804
"57",16960,"North Macedonia","Slovenia",1,1,32,33,1374,1369,0,1,1,5,1.0036523009496
"58",16960,"Slovenia","North Macedonia",1,1,33,32,1369,1374,0,1,-1,-5,0.996360989810771
"59",16959,"Kosovo","San Marino",4,1,46,55,1151,804,3,4,9,347,1.43159203980099
"60",16959,"San Marino","Kosovo",1,4,55,46,804,1151,-3,0.25,-9,-347,0.698523023457863
"61",16956,"Malta","Northern Ireland",0,3,51,27,955,1425,-3,0,-24,-470,0.670175438596491
"62",16956,"Northern Ireland","Malta",3,0,27,51,1425,955,3,Inf,24,470,1.49214659685864
"63",16954,"Sweden","Finland",2,0,13,30,1569,1410,2,Inf,17,159,1.11276595744681
"64",16954,"Finland","Sweden",0,2,30,13,1410,1569,-2,0,-17,-159,0.898661567877629
"65",16953,"Italy","San Marino",7,0,6,55,1642,804,7,Inf,49,838,2.04228855721393
"66",16953,"San Marino","Italy",0,7,55,6,804,1642,-7,0,-49,-838,0.489646772228989
"67",16952,"Turkey","Azerbaijan",2,1,18,43,1505,1168,1,2,25,337,1.28852739726027
"68",16952,"Azerbaijan","Turkey",1,2,43,18,1168,1505,-1,0.5,-25,-337,0.776079734219269
"69",16950,"Greece","Georgia",1,1,28,40,1418,1259,0,1,12,159,1.12629070691025
"70",16950,"Georgia","Greece",1,1,40,28,1259,1418,0,1,-12,-159,0.88787023977433
"71",16949,"Spain","Kosovo",3,1,5,46,1648,1151,2,3,41,497,1.43179843614248
"72",16949,"Kosovo","Spain",1,3,46,5,1151,1648,-2,0.333333333333333,-41,-497,0.698422330097087
"73",16948,"Northern Ireland","Bulgaria",0,0,27,36,1425,1339,0,NA,9,86,1.06422703510082
"74",16948,"Bulgaria","Northern Ireland",0,0,36,27,1339,1425,0,NA,-9,-86,0.939649122807018
"75",16947,"Scotland","Faroe Islands",4,0,25,44,1441,1165,4,Inf,19,276,1.23690987124464
"76",16947,"Faroe Islands","Scotland",0,4,44,25,1165,1441,-4,0,-19,-276,0.808466342817488
"77",16946,"Austria","Denmark",0,4,15,7,1523,1631,-4,0,-8,-108,0.933782955242183
"78",16946,"Denmark","Austria",4,0,7,15,1631,1523,4,Inf,8,108,1.07091267235719
"79",16945,"England","Poland",2,1,3,14,1686,1549,1,2,11,137,1.08844415752098
"80",16945,"Poland","England",1,2,14,3,1549,1686,-1,0.5,-11,-137,0.918742586002372
"81",16944,"Germany","North Macedonia",1,2,8,32,1609,1374,-1,0.5,24,235,1.17103347889374
"82",16944,"North Macedonia","Germany",2,1,32,8,1374,1609,1,2,-24,-235,0.853946550652579
"83",16943,"Lithuania","Italy",0,2,48,6,1102,1642,-2,0,-42,-540,0.671132764920828
"84",16943,"Italy","Lithuania",2,0,6,48,1642,1102,2,Inf,42,540,1.49001814882033
"85",16942,"Ukraine","Kazakhstan",1,1,16,47,1514,1147,0,1,31,367,1.31996512641674
"86",16942,"Kazakhstan","Ukraine",1,1,47,16,1147,1514,0,1,-31,-367,0.757595772787318
"87",16940,"Moldova","Israel",1,4,52,37,948,1283,-3,0.25,-15,-335,0.738893219017927
"88",16940,"Israel","Moldova",4,1,37,52,1283,948,3,4,15,335,1.35337552742616
"89",16939,"Andorra","Hungary",1,4,50,20,1034,1468,-3,0.25,-30,-434,0.704359673024523
"90",16939,"Hungary","Andorra",4,1,20,50,1468,1034,3,4,30,434,1.41972920696325
"91",16938,"San Marino","Albania",0,2,55,35,804,1362,-2,0,-20,-558,0.590308370044053
"92",16938,"Albania","San Marino",2,0,35,55,1362,804,2,Inf,20,558,1.69402985074627
"93",16937,"Liechtenstein","Iceland",1,4,53,29,911,1415,-3,0.25,-24,-504,0.643816254416961
"94",16937,"Iceland","Liechtenstein",4,1,29,53,1415,911,3,4,24,504,1.55323819978046
"95",16936,"Switzerland","Finland",3,2,9,30,1606,1410,1,1.5,21,196,1.13900709219858
"96",16936,"Finland","Switzerland",2,3,30,9,1410,1606,-1,0.666666666666667,-21,-196,0.877957658779577
"97",16935,"Armenia","Romania",3,2,39,24,1273,1449,1,1.5,-15,-176,0.878536922015183
"98",16935,"Romania","Armenia",2,3,24,39,1449,1273,-1,0.666666666666667,15,176,1.13825608798115
"99",16934,"Sweden","Estonia",1,0,13,45,1569,1161,1,Inf,32,408,1.35142118863049
"100",16934,"Estonia","Sweden",0,1,45,13,1161,1569,-1,0,-32,-408,0.739961759082218
"101",16932,"Luxembourg","Portugal",1,3,41,4,1244,1666,-2,0.333333333333333,-37,-422,0.746698679471789
"102",16932,"Portugal","Luxembourg",3,1,4,41,1666,1244,2,3,37,422,1.33922829581994
"103",16931,"Belgium","Belarus",8,0,1,38,1783,1276,8,Inf,37,507,1.39733542319749
"104",16931,"Belarus","Belgium",0,8,38,1,1276,1783,-8,0,-37,-507,0.715647784632642
"105",16930,"Wales","Czech Republic",1,0,12,22,1570,1458,1,Inf,10,112,1.07681755829904
"106",16930,"Czech Republic","Wales",0,1,22,12,1458,1570,-1,0,-10,-112,0.928662420382166
"107",16929,"Turkey","Latvia",3,3,18,49,1505,1081,0,1,31,424,1.39222941720629
"108",16929,"Latvia","Turkey",3,3,49,18,1081,1505,0,1,-31,-424,0.718272425249169
"109",16928,"Montenegro","Norway",0,1,34,23,1368,1452,-1,0,-11,-84,0.942148760330578
"110",16928,"Norway","Montenegro",1,0,23,34,1452,1368,1,Inf,11,84,1.06140350877193
"111",16927,"Gibraltar","Netherlands",0,7,54,11,880,1598,-7,0,-43,-718,0.550688360450563
"112",16927,"Netherlands","Gibraltar",7,0,11,54,1598,880,7,Inf,43,718,1.81590909090909
"113",16926,"Croatia","Malta",3,0,10,51,1605,955,3,Inf,41,650,1.68062827225131
"114",16926,"Malta","Croatia",0,3,51,10,955,1605,-3,0,-41,-650,0.595015576323987
"115",16925,"Slovakia","Russia",2,1,19,21,1475,1462,1,2,2,13,1.00889192886457
"116",16925,"Russia","Slovakia",1,2,21,19,1462,1475,-1,0.5,-2,-13,0.991186440677966
"117",16924,"Cyprus","Slovenia",1,0,42,33,1240,1369,1,Inf,-9,-129,0.905770635500365
"118",16924,"Slovenia","Cyprus",0,1,33,42,1369,1240,-1,0,9,129,1.10403225806452
"119",16923,"Azerbaijan","Serbia",1,2,43,17,1168,1512,-1,0.5,-26,-344,0.772486772486772
"120",16923,"Serbia","Azerbaijan",2,1,17,43,1512,1168,1,2,26,344,1.29452054794521
"121",16922,"Bulgaria","Italy",0,2,36,6,1339,1642,-2,0,-30,-303,0.815468940316687
"122",16922,"Italy","Bulgaria",2,0,6,36,1642,1339,2,Inf,30,303,1.22628827483196
"123",16921,"Ukraine","Finland",1,1,16,30,1514,1410,0,1,14,104,1.07375886524823
"124",16921,"Finland","Ukraine",1,1,30,16,1410,1514,0,1,-14,-104,0.931307793923382
"125",16920,"Israel","Scotland",1,1,37,25,1283,1441,0,1,-12,-158,0.890353920888272
"126",16920,"Scotland","Israel",1,1,25,37,1441,1283,0,1,12,158,1.12314886983632
"127",16919,"Austria","Faroe Islands",3,1,15,44,1523,1165,2,3,29,358,1.30729613733906
"128",16919,"Faroe Islands","Austria",1,3,44,15,1165,1523,-2,0.333333333333333,-29,-358,0.764937623112278
"129",16918,"Romania","Germany",0,1,24,8,1449,1609,-1,0,-16,-160,0.900559353635799
"130",16918,"Germany","Romania",1,0,8,24,1609,1449,1,Inf,16,160,1.1104209799862
"131",16917,"Kosovo","Sweden",0,3,46,13,1151,1569,-3,0,-33,-418,0.733588272785214
"132",16917,"Sweden","Kosovo",3,0,13,46,1569,1151,3,Inf,33,418,1.36316246741964
"133",16916,"Switzerland","Lithuania",1,0,9,48,1606,1102,1,Inf,39,504,1.4573502722323
"134",16916,"Lithuania","Switzerland",0,1,48,9,1102,1606,-1,0,-39,-504,0.686176836861768
"135",16915,"Poland","Andorra",3,0,14,50,1549,1034,3,Inf,36,515,1.49806576402321
"136",16915,"Andorra","Poland",0,3,50,14,1034,1549,-3,0,-36,-515,0.667527437056165
"137",16914,"San Marino","Hungary",0,3,55,20,804,1468,-3,0,-35,-664,0.547683923705722
"138",16914,"Hungary","San Marino",3,0,20,55,1468,804,3,Inf,35,664,1.82587064676617
"139",16913,"North Macedonia","Liechtenstein",5,0,32,53,1374,911,5,Inf,21,463,1.50823271130626
"140",16913,"Liechtenstein","North Macedonia",0,5,53,32,911,1374,-5,0,-21,-463,0.663027656477438
"141",16911,"Georgia","Spain",1,2,40,5,1259,1648,-1,0.5,-35,-389,0.763956310679612
"142",16911,"Spain","Georgia",2,1,5,40,1648,1259,1,2,35,389,1.30897537728356
"143",16910,"Denmark","Moldova",8,0,7,52,1631,948,8,Inf,45,683,1.7204641350211
"144",16910,"Moldova","Denmark",0,8,52,7,948,1631,-8,0,-45,-683,0.581238503985285
"145",16909,"Albania","England",0,2,35,3,1362,1686,-2,0,-32,-324,0.807829181494662
"146",16909,"England","Albania",2,0,3,35,1686,1362,2,Inf,32,324,1.23788546255507
"147",16908,"Armenia","Iceland",2,0,39,29,1273,1415,2,Inf,-10,-142,0.899646643109541
"148",16908,"Iceland","Armenia",0,2,29,39,1415,1273,-2,0,10,142,1.11154752553024
"149",16906,"Kazakhstan","France",0,2,47,2,1147,1757,-2,0,-45,-610,0.652817302219693
"150",16906,"France","Kazakhstan",2,0,2,47,1757,1147,2,Inf,45,610,1.53182214472537
"151",16904,"Serbia","Portugal",2,2,17,4,1512,1666,0,1,-13,-154,0.907563025210084
"152",16904,"Portugal","Serbia",2,2,4,17,1666,1512,0,1,13,154,1.10185185185185
"153",16902,"Czech Republic","Belgium",1,1,22,1,1458,1783,0,1,-21,-325,0.817722938867078
"154",16902,"Belgium","Czech Republic",1,1,1,22,1783,1458,0,1,21,325,1.22290809327846
"155",16901,"Slovakia","Malta",2,2,19,51,1475,955,0,1,32,520,1.54450261780105
"156",16901,"Malta","Slovakia",2,2,51,19,955,1475,0,1,-32,-520,0.647457627118644
"157",16900,"Belarus","Estonia",4,2,38,45,1276,1161,2,2,7,115,1.09905254091301
"158",16900,"Estonia","Belarus",2,4,45,38,1161,1276,-2,0.5,-7,-115,0.90987460815047
"159",16899,"Netherlands","Latvia",2,0,11,49,1598,1081,2,Inf,38,517,1.47826086956522
"160",16899,"Latvia","Netherlands",0,2,49,11,1081,1598,-2,0,-38,-517,0.676470588235294
"161",16898,"Norway","Turkey",0,3,23,18,1452,1505,-3,0,-5,-53,0.964784053156146
"162",16898,"Turkey","Norway",3,0,18,23,1505,1452,3,Inf,5,53,1.03650137741047
"163",16897,"Croatia","Cyprus",1,0,10,42,1605,1240,1,Inf,32,365,1.29435483870968
"164",16897,"Cyprus","Croatia",0,1,42,10,1240,1605,-1,0,-32,-365,0.772585669781931
"165",16894,"Montenegro","Gibraltar",4,1,34,54,1368,880,3,4,20,488,1.55454545454545
"166",16894,"Gibraltar","Montenegro",1,4,54,34,880,1368,-3,0.25,-20,-488,0.64327485380117
"167",16893,"Russia","Slovenia",2,1,21,33,1462,1369,1,2,12,93,1.06793279766253
"168",16893,"Slovenia","Russia",1,2,33,21,1369,1462,-1,0.5,-12,-93,0.936388508891929
"169",16892,"Sweden","Georgia",1,0,13,40,1569,1259,1,Inf,27,310,1.2462271644162
"170",16892,"Georgia","Sweden",0,1,40,13,1259,1569,-1,0,-27,-310,0.802421924792862
"171",16891,"Spain","Greece",1,1,5,28,1648,1418,0,1,23,230,1.16220028208745
"172",16891,"Greece","Spain",1,1,28,5,1418,1648,0,1,-23,-230,0.860436893203884
"173",16890,"Italy","Northern Ireland",2,0,6,27,1642,1425,2,Inf,21,217,1.15228070175439
"174",16890,"Northern Ireland","Italy",0,2,27,6,1425,1642,-2,0,-21,-217,0.867844092570037
"175",16889,"Scotland","Austria",2,2,25,15,1441,1523,0,1,-10,-82,0.946158896913986
"176",16889,"Austria","Scotland",2,2,15,25,1523,1441,0,1,10,82,1.05690492713393
"177",16888,"England","San Marino",5,0,3,55,1686,804,5,Inf,52,882,2.09701492537313
"178",16888,"San Marino","England",0,5,55,3,804,1686,-5,0,-52,-882,0.476868327402135
"179",16887,"Germany","Iceland",3,0,8,29,1609,1415,3,Inf,21,194,1.13710247349823
"180",16887,"Iceland","Germany",0,3,29,8,1415,1609,-3,0,-21,-194,0.879428216283406
"181",16886,"Moldova","Faroe Islands",1,1,52,44,948,1165,0,1,-8,-217,0.813733905579399
"182",16886,"Faroe Islands","Moldova",1,1,44,52,1165,948,0,1,8,217,1.2289029535865
"183",16885,"Andorra","Albania",0,1,50,35,1034,1362,-1,0,-15,-328,0.759177679882526
"184",16885,"Albania","Andorra",1,0,35,50,1362,1034,1,Inf,15,328,1.31721470019342
"185",16884,"Hungary","Poland",3,3,20,14,1468,1549,0,1,-6,-81,0.94770819883796
"186",16884,"Poland","Hungary",3,3,14,20,1549,1468,0,1,6,81,1.05517711171662
"187",16883,"Romania","North Macedonia",3,2,24,32,1449,1374,1,1.5,8,75,1.05458515283843
"188",16883,"North Macedonia","Romania",2,3,32,24,1374,1449,-1,0.666666666666667,-8,-75,0.94824016563147
"189",16882,"Liechtenstein","Armenia",0,1,53,39,911,1273,-1,0,-14,-362,0.715632364493323
"190",16882,"Armenia","Liechtenstein",1,0,39,53,1273,911,1,Inf,14,362,1.397365532382
"191",16881,"Bulgaria","Switzerland",1,3,36,9,1339,1606,-2,0.333333333333333,-27,-267,0.833748443337484
"192",16881,"Switzerland","Bulgaria",3,1,9,36,1606,1339,2,3,27,267,1.19940253920836
"193",16880,"Israel","Denmark",0,2,37,7,1283,1631,-2,0,-30,-348,0.786633966891478
"194",16880,"Denmark","Israel",2,0,7,37,1631,1283,2,Inf,30,348,1.27123928293063
"195",16879,"Gibraltar","Norway",0,3,54,23,880,1452,-3,0,-31,-572,0.606060606060606
"196",16879,"Norway","Gibraltar",3,0,23,54,1452,880,3,Inf,31,572,1.65
"197",16877,"Portugal","Azerbaijan",1,0,4,43,1666,1168,1,Inf,39,498,1.4263698630137
"198",16877,"Azerbaijan","Portugal",0,1,43,4,1168,1666,-1,0,-39,-498,0.701080432172869
"199",16876,"Latvia","Montenegro",1,2,49,34,1081,1368,-1,0.5,-15,-287,0.790204678362573
"200",16876,"Montenegro","Latvia",2,1,34,49,1368,1081,1,2,15,287,1.26549491211841
"201",16875,"France","Ukraine",1,1,2,16,1757,1514,0,1,14,243,1.16050198150594
"202",16875,"Ukraine","France",1,1,16,2,1514,1757,0,1,-14,-243,0.861696072851451
"203",16874,"Estonia","Czech Republic",2,6,45,22,1161,1458,-4,0.333333333333333,-23,-297,0.796296296296296
"204",16874,"Czech Republic","Estonia",6,2,22,45,1458,1161,4,3,23,297,1.25581395348837
"205",16872,"Belgium","Wales",3,1,1,12,1783,1570,2,3,11,213,1.13566878980892
"206",16872,"Wales","Belgium",1,3,12,1,1570,1783,-2,0.333333333333333,-11,-213,0.880538418395962
"207",16871,"Malta","Russia",1,3,51,21,955,1462,-2,0.333333333333333,-30,-507,0.653214774281806
"208",16871,"Russia","Malta",3,1,21,51,1462,955,2,3,30,507,1.53089005235602
"209",16870,"Cyprus","Slovakia",0,0,42,19,1240,1475,0,NA,-23,-235,0.840677966101695
"210",16870,"Slovakia","Cyprus",0,0,19,42,1475,1240,0,NA,23,235,1.18951612903226
"211",16869,"Slovenia","Croatia",1,0,33,10,1369,1605,1,Inf,-23,-236,0.852959501557632
"212",16869,"Croatia","Slovenia",0,1,10,33,1605,1369,-1,0,23,236,1.17238860482104
"213",16868,"Kosovo","Lithuania",4,0,46,48,1151,1102,4,Inf,2,49,1.04446460980036
"214",16868,"Lithuania","Kosovo",0,4,48,46,1102,1151,-4,0,-2,-49,0.95742832319722
"215",16865,"Turkey","Netherlands",4,2,18,11,1505,1598,2,2,-7,-93,0.94180225281602
"216",16865,"Netherlands","Turkey",2,4,11,18,1598,1505,-2,0.5,7,93,1.06179401993355
"217",16862,"Belgium","Denmark",4,2,1,7,1783,1631,2,2,6,152,1.09319435928878
"218",16862,"Denmark","Belgium",2,4,7,1,1631,1783,-2,0.5,-6,-152,0.914750420639372
"219",16861,"England","Iceland",4,0,3,29,1686,1415,4,Inf,26,271,1.19151943462898
"220",16861,"Iceland","England",0,4,29,3,1415,1686,-4,0,-26,-271,0.83926453143535
"221",16859,"Poland","Netherlands",1,2,14,11,1549,1598,-1,0.5,-3,-49,0.969336670838548
"222",16859,"Netherlands","Poland",2,1,11,14,1598,1549,1,2,3,49,1.03163331181407
"223",16858,"Austria","Norway",1,1,15,23,1523,1452,0,1,8,71,1.04889807162534
"224",16858,"Norway","Austria",1,1,23,15,1452,1523,0,1,-8,-71,0.953381483913329
"225",16857,"Northern Ireland","Romania",1,1,27,24,1425,1449,0,1,-3,-24,0.98343685300207
"226",16857,"Romania","Northern Ireland",1,1,24,27,1449,1425,0,1,3,24,1.01684210526316
"227",16856,"Czech Republic","Slovakia",2,0,22,19,1458,1475,2,Inf,-3,-17,0.988474576271186
"228",16856,"Slovakia","Czech Republic",0,2,19,22,1475,1458,-2,0,3,17,1.0116598079561
"229",16854,"Wales","Finland",3,1,12,30,1570,1410,2,3,18,160,1.11347517730496
"230",16854,"Finland","Wales",1,3,30,12,1410,1570,-2,0.333333333333333,-18,-160,0.898089171974522
"231",16853,"Greece","Slovenia",0,0,28,33,1418,1369,0,NA,5,49,1.03579254930606
"232",16853,"Slovenia","Greece",0,0,33,28,1369,1418,0,NA,-5,-49,0.965444287729196
"233",16852,"Kosovo","Moldova",1,0,46,52,1151,948,1,Inf,6,203,1.21413502109705
"234",16852,"Moldova","Kosovo",0,1,52,46,948,1151,-1,0,-6,-203,0.823631624674196
"235",16851,"Israel","Scotland",1,0,37,25,1283,1441,1,Inf,-12,-158,0.890353920888272
"236",16851,"Scotland","Israel",0,1,25,37,1441,1283,-1,0,12,158,1.12314886983632
"237",16850,"Hungary","Turkey",2,0,20,18,1468,1505,2,Inf,-2,-37,0.975415282392027
"238",16850,"Turkey","Hungary",0,2,18,20,1505,1468,-2,0,2,37,1.02520435967302
"239",16849,"Serbia","Russia",5,0,17,21,1512,1462,5,Inf,4,50,1.03419972640219
"240",16849,"Russia","Serbia",0,5,21,17,1462,1512,-5,0,-4,-50,0.966931216931217
"241",16848,"Armenia","North Macedonia",1,0,39,32,1273,1374,1,Inf,-7,-101,0.926491994177584
"242",16848,"North Macedonia","Armenia",0,1,32,39,1374,1273,-1,0,7,101,1.07934014139827
"243",16847,"Georgia","Estonia",0,0,40,45,1259,1161,0,NA,5,98,1.08440999138674
"244",16847,"Estonia","Georgia",0,0,45,40,1161,1259,0,NA,-5,-98,0.922160444797458
"245",16846,"Albania","Belarus",3,2,35,38,1362,1276,1,1.5,3,86,1.06739811912226
"246",16846,"Belarus","Albania",2,3,38,35,1276,1362,-1,0.666666666666667,-3,-86,0.936857562408223
"247",16845,"Kazakhstan","Lithuania",1,2,47,48,1147,1102,-1,0.5,1,45,1.04083484573503
"248",16845,"Lithuania","Kazakhstan",2,1,48,47,1102,1147,1,2,-1,-45,0.960767218831735
"249",16844,"Malta","Faroe Islands",1,1,51,44,955,1165,0,1,-7,-210,0.819742489270386
"250",16844,"Faroe Islands","Malta",1,1,44,51,1165,955,0,1,7,210,1.21989528795812
"251",16843,"Andorra","Latvia",0,5,50,49,1034,1081,-5,0,-1,-47,0.956521739130435
"252",16843,"Latvia","Andorra",5,0,49,50,1081,1034,5,Inf,1,47,1.04545454545455
"253",16842,"Croatia","Portugal",2,3,10,4,1605,1666,-1,0.666666666666667,-6,-61,0.963385354141657
"254",16842,"Portugal","Croatia",3,2,4,10,1666,1605,1,1.5,6,61,1.03800623052959
"255",16841,"France","Sweden",4,2,2,13,1757,1569,2,2,11,188,1.11982154238368
"256",16841,"Sweden","France",2,4,13,2,1569,1757,-2,0.5,-11,-188,0.892999430848036
"257",16840,"Luxembourg","Azerbaijan",0,0,41,43,1244,1168,0,NA,2,76,1.06506849315068
"258",16840,"Azerbaijan","Luxembourg",0,0,43,41,1168,1244,0,NA,-2,-76,0.938906752411576
"259",16839,"Montenegro","Cyprus",4,0,34,42,1368,1240,4,Inf,8,128,1.10322580645161
"260",16839,"Cyprus","Montenegro",0,4,42,34,1240,1368,-4,0,-8,-128,0.906432748538012
"261",16838,"Spain","Germany",6,0,5,8,1648,1609,6,Inf,3,39,1.02423865755127
"262",16838,"Germany","Spain",0,6,8,5,1609,1648,-6,0,-3,-39,0.976334951456311
"263",16837,"Gibraltar","Liechtenstein",1,1,54,53,880,911,0,1,-1,-31,0.965971459934138
"264",16837,"Liechtenstein","Gibraltar",1,1,53,54,911,880,0,1,1,31,1.03522727272727
"265",16836,"Belgium","England",2,0,1,3,1783,1686,2,Inf,2,97,1.05753262158956
"266",16836,"England","Belgium",0,2,3,1,1686,1783,-2,0,-2,-97,0.94559730790802
"267",16835,"Denmark","Iceland",2,1,7,29,1631,1415,1,2,22,216,1.15265017667845
"268",16835,"Iceland","Denmark",1,2,29,7,1415,1631,-1,0.5,-22,-216,0.867565910484365
"269",16834,"Moldova","Greece",0,2,52,28,948,1418,-2,0,-24,-470,0.668547249647391
"270",16834,"Greece","Moldova",2,0,28,52,1418,948,2,Inf,24,470,1.4957805907173
"271",16833,"Slovenia","Kosovo",2,1,33,46,1369,1151,1,2,13,218,1.18940052128584
"272",16833,"Kosovo","Slovenia",1,2,46,33,1151,1369,-1,0.5,-13,-218,0.840759678597516
"273",16832,"Czech Republic","Israel",1,0,22,37,1458,1283,1,Inf,15,175,1.13639906469213
"274",16832,"Israel","Czech Republic",0,1,37,22,1283,1458,-1,0,-15,-175,0.87997256515775
"275",16831,"Italy","Poland",2,0,6,14,1642,1549,2,Inf,8,93,1.06003873466753
"276",16831,"Poland","Italy",0,2,14,6,1549,1642,-2,0,-8,-93,0.943361753958587
"277",16830,"Austria","Northern Ireland",2,1,15,27,1523,1425,1,2,12,98,1.06877192982456
"278",16830,"Northern Ireland","Austria",1,2,27,15,1425,1523,-1,0.5,-12,-98,0.935653315824032
"279",16829,"Hungary","Serbia",1,1,20,17,1468,1512,0,1,-3,-44,0.970899470899471
"280",16829,"Serbia","Hungary",1,1,17,20,1512,1468,0,1,3,44,1.0299727520436
"281",16828,"Belarus","Lithuania",2,0,38,48,1276,1102,2,Inf,10,174,1.15789473684211
"282",16828,"Lithuania","Belarus",0,2,48,38,1102,1276,-2,0,-10,-174,0.863636363636364
"283",16827,"Albania","Kazakhstan",3,1,35,47,1362,1147,2,3,12,215,1.18744551002616
"284",16827,"Kazakhstan","Albania",1,3,47,35,1147,1362,-2,0.333333333333333,-12,-215,0.842143906020558
"285",16826,"Georgia","Armenia",1,2,40,39,1259,1273,-1,0.5,-1,-14,0.989002356637863
"286",16826,"Armenia","Georgia",2,1,39,40,1273,1259,1,2,1,14,1.01111993645751
"287",16825,"Bulgaria","Finland",1,2,36,30,1339,1410,-1,0.5,-6,-71,0.949645390070922
"288",16825,"Finland","Bulgaria",2,1,30,36,1410,1339,1,2,6,71,1.05302464525766
"289",16823,"Turkey","Russia",3,2,18,21,1505,1462,1,1.5,3,43,1.02941176470588
"290",16823,"Russia","Turkey",2,3,21,18,1462,1505,-1,0.666666666666667,-3,-43,0.971428571428571
"291",16821,"North Macedonia","Estonia",2,1,32,45,1374,1161,1,2,13,213,1.18346253229974
"292",16821,"Estonia","North Macedonia",1,2,45,32,1161,1374,-1,0.5,-13,-213,0.844978165938865
"293",16820,"Slovakia","Scotland",1,0,19,25,1475,1441,1,Inf,6,34,1.0235947258848
"294",16820,"Scotland","Slovakia",0,1,25,19,1441,1475,-1,0,-6,-34,0.976949152542373
"295",16819,"Portugal","France",0,1,4,2,1666,1757,-1,0,-2,-91,0.948207171314741
"296",16819,"France","Portugal",1,0,2,4,1757,1666,1,Inf,2,91,1.0546218487395
"297",16818,"Sweden","Croatia",2,1,13,10,1569,1605,1,2,-3,-36,0.977570093457944
"298",16818,"Croatia","Sweden",1,2,10,13,1605,1569,-1,0.5,3,36,1.02294455066922
"299",16817,"Germany","Ukraine",3,1,8,16,1609,1514,2,3,8,95,1.06274768824306
"300",16817,"Ukraine","Germany",1,3,16,8,1514,1609,-2,0.333333333333333,-8,-95,0.940957116221255
"301",16816,"Switzerland","Spain",1,1,9,5,1606,1648,0,1,-4,-42,0.974514563106796
"302",16816,"Spain","Switzerland",1,1,5,9,1648,1606,0,1,4,42,1.02615193026152
"303",16815,"Latvia","Faroe Islands",1,1,49,44,1081,1165,0,1,-5,-84,0.927896995708155
"304",16815,"Faroe Islands","Latvia",1,1,44,49,1165,1081,0,1,5,84,1.0777058279371
"305",16814,"Azerbaijan","Montenegro",0,0,43,34,1168,1368,0,NA,-9,-200,0.853801169590643
"306",16814,"Montenegro","Azerbaijan",0,0,34,43,1368,1168,0,NA,9,200,1.17123287671233
"307",16813,"Cyprus","Luxembourg",2,1,42,41,1240,1244,1,2,-1,-4,0.996784565916399
"308",16813,"Luxembourg","Cyprus",1,2,41,42,1244,1240,-1,0.5,1,4,1.00322580645161
"309",16812,"Malta","Andorra",3,1,51,50,955,1034,2,3,-1,-79,0.923597678916828
"310",16812,"Andorra","Malta",1,3,50,51,1034,955,-2,0.333333333333333,1,79,1.08272251308901
"311",16811,"San Marino","Gibraltar",0,0,55,54,804,880,0,NA,-1,-76,0.913636363636364
"312",16811,"Gibraltar","San Marino",0,0,54,55,880,804,0,NA,1,76,1.09452736318408
"313",16808,"Hungary","Iceland",2,1,20,29,1468,1415,1,2,9,53,1.03745583038869
"314",16808,"Iceland","Hungary",1,2,29,20,1415,1468,-1,0.5,-9,-53,0.963896457765668
"315",16807,"Serbia","Scotland",1,1,17,25,1512,1441,0,1,8,71,1.04927133934768
"316",16807,"Scotland","Serbia",1,1,25,17,1441,1512,0,1,-8,-71,0.953042328042328
"317",16806,"Northern Ireland","Slovakia",1,2,27,19,1425,1475,-1,0.5,-8,-50,0.966101694915254
"318",16806,"Slovakia","Northern Ireland",2,1,19,27,1475,1425,1,2,8,50,1.03508771929825
"319",16805,"Georgia","North Macedonia",0,1,40,32,1259,1374,-1,0,-8,-115,0.916302765647744
"320",16805,"North Macedonia","Georgia",1,0,32,40,1374,1259,1,Inf,8,115,1.09134233518666
"321",16804,"Moldova","Russia",0,0,52,21,948,1462,0,NA,-31,-514,0.648426812585499
"322",16804,"Russia","Moldova",0,0,21,52,1462,948,0,NA,31,514,1.542194092827
"323",16802,"France","Finland",0,2,2,30,1757,1410,-2,0,28,347,1.24609929078014
"324",16802,"Finland","France",2,0,30,2,1410,1757,2,Inf,-28,-347,0.802504268639727
"325",16801,"Slovenia","Azerbaijan",0,0,33,43,1369,1168,0,NA,10,201,1.17208904109589
"326",16801,"Azerbaijan","Slovenia",0,0,43,33,1168,1369,0,NA,-10,-201,0.85317750182615
"327",16800,"Belgium","Switzerland",2,1,1,9,1783,1606,1,2,8,177,1.11021170610212
"328",16800,"Switzerland","Belgium",1,2,9,1,1606,1783,-1,0.5,-8,-177,0.900729108244532
"329",16799,"Germany","Czech Republic",1,0,8,22,1609,1458,1,Inf,14,151,1.10356652949246
"330",16799,"Czech Republic","Germany",0,1,22,8,1458,1609,-1,0,-14,-151,0.906152889993785
"331",16798,"Italy","Estonia",4,0,6,45,1642,1161,4,Inf,39,481,1.41429801894918
"332",16798,"Estonia","Italy",0,4,45,6,1161,1642,-4,0,-39,-481,0.707064555420219
"333",16797,"Portugal","Andorra",7,0,4,50,1666,1034,7,Inf,46,632,1.61121856866538
"334",16797,"Andorra","Portugal",0,7,50,4,1034,1666,-7,0,-46,-632,0.620648259303721
"335",16796,"Netherlands","Spain",1,1,11,5,1598,1648,0,1,-6,-50,0.969660194174757
"336",16796,"Spain","Netherlands",1,1,5,11,1648,1598,0,1,6,50,1.03128911138924
"337",16795,"Poland","Ukraine",2,0,14,16,1549,1514,2,Inf,2,35,1.02311756935271
"338",16795,"Ukraine","Poland",0,2,16,14,1514,1549,-2,0,-2,-35,0.977404777275662
"339",16794,"Luxembourg","Austria",0,3,41,15,1244,1523,-3,0,-26,-279,0.816808929743926
"340",16794,"Austria","Luxembourg",3,0,15,41,1523,1244,3,Inf,26,279,1.22427652733119
"341",16793,"Denmark","Sweden",2,0,7,13,1631,1569,2,Inf,6,62,1.03951561504143
"342",16793,"Sweden","Denmark",0,2,13,7,1569,1631,-2,0,-6,-62,0.961986511342734
"343",16792,"Turkey","Croatia",3,3,18,10,1505,1605,0,1,-8,-100,0.937694704049844
"344",16792,"Croatia","Turkey",3,3,10,18,1605,1505,0,1,8,100,1.06644518272425
"345",16791,"Bulgaria","Gibraltar",3,0,36,54,1339,880,3,Inf,18,459,1.52159090909091
"346",16791,"Gibraltar","Bulgaria",0,3,54,36,880,1339,-3,0,-18,-459,0.657206870799104
"347",16790,"Romania","Belarus",5,3,24,38,1449,1276,2,1.66666666666667,14,173,1.13557993730408
"348",16790,"Belarus","Romania",3,5,38,24,1276,1449,-2,0.6,-14,-173,0.880607315389924
"349",16789,"Lithuania","Faroe Islands",2,1,48,44,1102,1165,1,2,-4,-63,0.945922746781116
"350",16789,"Faroe Islands","Lithuania",1,2,44,48,1165,1102,-1,0.5,4,63,1.05716878402904
"351",16788,"Montenegro","Kazakhstan",0,0,34,47,1368,1147,0,NA,13,221,1.19267654751526
"352",16788,"Kazakhstan","Montenegro",0,0,47,34,1147,1368,0,NA,-13,-221,0.838450292397661
"353",16787,"San Marino","Latvia",0,3,55,49,804,1081,-3,0,-6,-277,0.743755781683626
"354",16787,"Latvia","San Marino",3,0,49,55,1081,804,3,Inf,6,277,1.34452736318408
"355",16786,"Malta","Liechtenstein",3,0,51,53,955,911,3,Inf,2,44,1.04829857299671
"356",16786,"Liechtenstein","Malta",0,3,53,51,911,955,-3,0,-2,-44,0.953926701570681
"357",16785,"Albania","Kosovo",2,1,35,46,1362,1151,1,2,11,211,1.18331885317116
"358",16785,"Kosovo","Albania",1,2,46,35,1151,1362,-1,0.5,-11,-211,0.845080763582966
"359",16784,"Greece","Cyprus",2,1,28,42,1418,1240,1,2,14,178,1.14354838709677
"360",16784,"Cyprus","Greece",1,2,42,28,1240,1418,-1,0.5,-14,-178,0.874471086036671
"361",16783,"Scotland","Czech Republic",1,0,25,22,1441,1458,1,Inf,-3,-17,0.988340192043896
"362",16783,"Czech Republic","Scotland",0,1,22,25,1458,1441,-1,0,3,17,1.0117973629424
"363",16782,"Norway","Northern Ireland",1,0,23,27,1452,1425,1,Inf,4,27,1.01894736842105
"364",16782,"Northern Ireland","Norway",0,1,27,23,1425,1452,-1,0,-4,-27,0.981404958677686
"365",16781,"Italy","Netherlands",1,1,6,11,1642,1598,0,1,5,44,1.02753441802253
"366",16781,"Netherlands","Italy",1,1,11,6,1598,1642,0,1,-5,-44,0.97320341047503
"367",16779,"Romania","Austria",0,1,24,15,1449,1523,-1,0,-9,-74,0.951411687458963
"368",16779,"Austria","Romania",1,0,15,24,1523,1449,1,Inf,9,74,1.05106970324362
"369",16778,"England","Denmark",0,1,3,7,1686,1631,-1,0,4,55,1.0337216431637
"370",16778,"Denmark","England",1,0,7,3,1631,1686,1,Inf,-4,-55,0.967378410438909
"371",16777,"Iceland","Belgium",1,2,29,1,1415,1783,-1,0.5,-28,-368,0.793606281547953
"372",16777,"Belgium","Iceland",2,1,1,29,1783,1415,1,2,28,368,1.26007067137809
"373",16776,"Croatia","France",1,2,10,2,1605,1757,-1,0.5,-8,-152,0.91348890153671
"374",16776,"France","Croatia",2,1,2,10,1757,1605,1,2,8,152,1.09470404984424
"375",16775,"Portugal","Sweden",3,0,4,13,1666,1569,3,Inf,9,97,1.06182281708094
"376",16775,"Sweden","Portugal",0,3,13,4,1569,1666,-3,0,-9,-97,0.941776710684274
"377",16774,"Estonia","Armenia",1,1,45,39,1161,1273,0,1,-6,-112,0.912018853102907
"378",16774,"Armenia","Estonia",1,1,39,45,1273,1161,0,1,6,112,1.09646856158484
"379",16773,"North Macedonia","Georgia",1,1,32,40,1374,1259,0,1,8,115,1.09134233518666
"380",16773,"Georgia","North Macedonia",1,1,40,32,1259,1374,0,1,-8,-115,0.916302765647744
"381",16772,"Slovakia","Israel",2,3,19,37,1475,1283,-1,0.666666666666667,18,192,1.14964925954793
"382",16772,"Israel","Slovakia",3,2,37,19,1283,1475,1,1.5,-18,-192,0.869830508474576
"383",16771,"Russia","Hungary",0,0,21,20,1462,1468,0,NA,-1,-6,0.99591280653951
"384",16771,"Hungary","Russia",0,0,20,21,1468,1462,0,NA,1,6,1.00410396716826
"385",16770,"Turkey","Serbia",2,2,18,17,1505,1512,0,1,-1,-7,0.99537037037037
"386",16770,"Serbia","Turkey",2,2,17,18,1512,1505,0,1,1,7,1.0046511627907
"387",16769,"Bulgaria","Wales",0,1,36,12,1339,1570,-1,0,-24,-231,0.852866242038217
"388",16769,"Wales","Bulgaria",1,0,12,36,1570,1339,1,Inf,24,231,1.17251680358476
"389",16768,"Greece","Kosovo",0,0,28,46,1418,1151,0,NA,18,267,1.23197219808862
"390",16768,"Kosovo","Greece",0,0,46,28,1151,1418,0,NA,-18,-267,0.811706629055007
"391",16767,"Moldova","Slovenia",0,4,52,33,948,1369,-4,0,-19,-421,0.692476260043828
"392",16767,"Slovenia","Moldova",4,0,33,52,1369,948,4,Inf,19,421,1.44409282700422
"393",16766,"Belarus","Kazakhstan",2,0,38,47,1276,1147,2,Inf,9,129,1.11246730601569
"394",16766,"Kazakhstan","Belarus",0,2,47,38,1147,1276,-2,0,-9,-129,0.898902821316614
"395",16764,"Lithuania","Albania",0,0,48,35,1102,1362,0,NA,-13,-260,0.809104258443465
"396",16764,"Albania","Lithuania",0,0,35,48,1362,1102,0,NA,13,260,1.23593466424682
"397",16763,"Faroe Islands","Andorra",2,0,44,50,1165,1034,2,Inf,6,131,1.12669245647969
"398",16763,"Andorra","Faroe Islands",0,2,50,44,1034,1165,-2,0,-6,-131,0.88755364806867
"399",16762,"Liechtenstein","San Marino",0,0,53,55,911,804,0,NA,2,107,1.13308457711443
"400",16762,"San Marino","Liechtenstein",0,0,55,53,804,911,0,NA,-2,-107,0.882546652030735
"401",16761,"Montenegro","Luxembourg",1,2,34,41,1368,1244,-1,0.5,7,124,1.09967845659164
"402",16761,"Luxembourg","Montenegro",2,1,41,34,1244,1368,1,2,-7,-124,0.909356725146199
"403",16760,"Germany","Switzerland",3,3,8,9,1609,1606,0,1,1,3,1.00186799501868
"404",16760,"Switzerland","Germany",3,3,9,8,1606,1609,0,1,-1,-3,0.998135487880671
"405",16759,"Ukraine","Spain",1,0,16,5,1514,1648,1,Inf,-11,-134,0.918689320388349
"406",16759,"Spain","Ukraine",0,1,5,16,1648,1514,-1,0,11,134,1.0885072655218
"407",16758,"Latvia","Malta",0,1,49,51,1081,955,-1,0,2,126,1.13193717277487
"408",16758,"Malta","Latvia",1,0,51,49,955,1081,1,Inf,-2,-126,0.883441258094357
"409",16757,"Azerbaijan","Cyprus",0,0,43,42,1168,1240,0,NA,-1,-72,0.941935483870968
"410",16757,"Cyprus","Azerbaijan",0,0,42,43,1240,1168,0,NA,1,72,1.06164383561644
"411",16756,"Poland","Italy",0,0,14,6,1549,1642,0,NA,-8,-93,0.943361753958587
"412",16756,"Italy","Poland",0,0,6,14,1642,1549,0,NA,8,93,1.06003873466753
"413",16755,"Northern Ireland","Austria",0,1,27,15,1425,1523,-1,0,-12,-98,0.935653315824032
"414",16755,"Austria","Northern Ireland",1,0,15,27,1523,1425,1,Inf,12,98,1.06877192982456
"415",16754,"Israel","Czech Republic",1,2,37,22,1283,1458,-1,0.5,-15,-175,0.87997256515775
"416",16754,"Czech Republic","Israel",2,1,22,37,1458,1283,1,2,15,175,1.13639906469213
"417",16753,"Scotland","Slovakia",1,0,25,19,1441,1475,1,Inf,-6,-34,0.976949152542373
"418",16753,"Slovakia","Scotland",0,1,19,25,1475,1441,-1,0,6,34,1.0235947258848
"419",16752,"Iceland","Denmark",0,3,29,7,1415,1631,-3,0,-22,-216,0.867565910484365
"420",16752,"Denmark","Iceland",3,0,7,29,1631,1415,3,Inf,22,216,1.15265017667845
"421",16751,"France","Portugal",0,0,2,4,1757,1666,0,NA,2,91,1.0546218487395
"422",16751,"Portugal","France",0,0,4,2,1666,1757,0,NA,-2,-91,0.948207171314741
"423",16750,"Russia","Turkey",1,1,21,18,1462,1505,0,1,-3,-43,0.971428571428571
"424",16750,"Turkey","Russia",1,1,18,21,1505,1462,0,1,3,43,1.02941176470588
"425",16749,"Serbia","Hungary",0,1,17,20,1512,1468,-1,0,3,44,1.0299727520436
"426",16749,"Hungary","Serbia",1,0,20,17,1468,1512,1,Inf,-3,-44,0.970899470899471
"427",16748,"Greece","Moldova",2,0,28,52,1418,948,2,Inf,24,470,1.4957805907173
"428",16748,"Moldova","Greece",0,2,52,28,948,1418,-2,0,-24,-470,0.668547249647391
"429",16747,"Kosovo","Slovenia",0,1,46,33,1151,1369,-1,0,-13,-218,0.840759678597516
"430",16747,"Slovenia","Kosovo",1,0,33,46,1369,1151,1,Inf,13,218,1.18940052128584
"431",16746,"Armenia","Georgia",2,2,39,40,1273,1259,0,1,1,14,1.01111993645751
"432",16746,"Georgia","Armenia",2,2,40,39,1259,1273,0,1,-1,-14,0.989002356637863
"433",16744,"Norway","Romania",4,0,23,24,1452,1449,4,Inf,1,3,1.00207039337474
"434",16744,"Romania","Norway",0,4,24,23,1449,1452,-4,0,-1,-3,0.997933884297521
"435",16743,"Estonia","North Macedonia",3,3,45,32,1161,1374,0,1,-13,-213,0.844978165938865
"436",16743,"North Macedonia","Estonia",3,3,32,45,1374,1161,0,1,13,213,1.18346253229974
"437",16742,"England","Belgium",2,1,3,1,1686,1783,1,2,-2,-97,0.94559730790802
"438",16742,"Belgium","England",1,2,1,3,1783,1686,-1,0.5,2,97,1.05753262158956
"439",16741,"Croatia","Sweden",2,1,10,13,1605,1569,1,2,3,36,1.02294455066922
"440",16741,"Sweden","Croatia",1,2,13,10,1569,1605,-1,0.5,-3,-36,0.977570093457944
"441",16740,"Finland","Bulgaria",2,0,30,36,1410,1339,2,Inf,6,71,1.05302464525766
"442",16740,"Bulgaria","Finland",0,2,36,30,1339,1410,-2,0,-6,-71,0.949645390070922
"443",16739,"Lithuania","Belarus",2,2,48,38,1102,1276,0,1,-10,-174,0.863636363636364
"444",16739,"Belarus","Lithuania",2,2,38,48,1276,1102,0,1,10,174,1.15789473684211
"445",16737,"Kazakhstan","Albania",0,0,47,35,1147,1362,0,NA,-12,-215,0.842143906020558
"446",16737,"Albania","Kazakhstan",0,0,35,47,1362,1147,0,NA,12,215,1.18744551002616
"447",16736,"Andorra","Malta",0,0,50,51,1034,955,0,NA,1,79,1.08272251308901
"448",16736,"Malta","Andorra",0,0,51,50,955,1034,0,NA,-1,-79,0.923597678916828
"449",16735,"Spain","Switzerland",1,0,5,9,1648,1606,1,Inf,4,42,1.02615193026152
"450",16735,"Switzerland","Spain",0,1,9,5,1606,1648,-1,0,-4,-42,0.974514563106796
"451",16734,"Ukraine","Germany",1,2,16,8,1514,1609,-1,0.5,-8,-95,0.940957116221255
"452",16734,"Germany","Ukraine",2,1,8,16,1609,1514,1,2,8,95,1.06274768824306
"453",16733,"Faroe Islands","Latvia",1,1,44,49,1165,1081,0,1,5,84,1.0777058279371
"454",16733,"Latvia","Faroe Islands",1,1,49,44,1081,1165,0,1,-5,-84,0.927896995708155
"455",16732,"Liechtenstein","Gibraltar",0,1,53,54,911,880,-1,0,1,31,1.03522727272727
"456",16732,"Gibraltar","Liechtenstein",1,0,54,53,880,911,1,Inf,-1,-31,0.965971459934138
"457",16731,"Luxembourg","Cyprus",2,0,41,42,1244,1240,2,Inf,1,4,1.00322580645161
"458",16731,"Cyprus","Luxembourg",0,2,42,41,1240,1244,-2,0,-1,-4,0.996784565916399
"459",16730,"Montenegro","Azerbaijan",2,0,34,43,1368,1168,2,Inf,9,200,1.17123287671233
"460",16730,"Azerbaijan","Montenegro",0,2,43,34,1168,1368,-2,0,-9,-200,0.853801169590643
"461",16729,"England","Wales",3,0,3,12,1686,1570,3,Inf,9,116,1.07388535031847
"462",16729,"Wales","England",0,3,12,3,1570,1686,-3,0,-9,-116,0.931198102016607
"463",16728,"North Macedonia","Kosovo",2,1,32,46,1374,1151,1,2,14,223,1.19374456993918
"464",16728,"Kosovo","North Macedonia",1,2,46,32,1151,1374,-1,0.5,-14,-223,0.837700145560408
"465",16727,"Bulgaria","Hungary",1,3,36,20,1339,1468,-2,0.333333333333333,-16,-129,0.912125340599455
"466",16727,"Hungary","Bulgaria",3,1,20,36,1468,1339,2,3,16,129,1.09634055265123
"467",16726,"Iceland","Romania",2,1,29,24,1415,1449,1,2,-5,-34,0.976535541752933
"468",16726,"Romania","Iceland",1,2,24,29,1449,1415,-1,0.5,5,34,1.02402826855124
"469",16724,"Norway","Serbia",1,2,23,17,1452,1512,-1,0.5,-6,-60,0.96031746031746
"470",16724,"Serbia","Norway",2,1,17,23,1512,1452,1,2,6,60,1.04132231404959
"471",16721,"Scotland","Israel",0,0,25,37,1441,1283,0,NA,12,158,1.12314886983632
"472",16721,"Israel","Scotland",0,0,37,25,1283,1441,0,NA,-12,-158,0.890353920888272
"473",16720,"Russia","Sweden",1,2,21,13,1462,1569,-1,0.5,-8,-107,0.931803696622052
"474",16720,"Sweden","Russia",2,1,13,21,1569,1462,1,2,8,107,1.07318741450068
"475",16719,"Georgia","Belarus",1,0,40,38,1259,1276,1,Inf,-2,-17,0.986677115987461
"476",16719,"Belarus","Georgia",0,1,38,40,1276,1259,-1,0,2,17,1.01350277998411
"477",16718,"France","Ukraine",7,1,2,16,1757,1514,6,7,14,243,1.16050198150594
"478",16718,"Ukraine","France",1,7,16,2,1514,1757,-6,0.142857142857143,-14,-243,0.861696072851451
"479",16717,"Italy","Moldova",6,0,6,52,1642,948,6,Inf,46,694,1.73206751054852
"480",16717,"Moldova","Italy",0,6,52,6,948,1642,-6,0,-46,-694,0.577344701583435
"481",16716,"Switzerland","Croatia",1,2,9,10,1606,1605,-1,0.5,1,1,1.0006230529595
"482",16716,"Croatia","Switzerland",2,1,10,9,1605,1606,1,2,-1,-1,0.999377334993773
"483",16714,"Portugal","Spain",0,0,4,5,1666,1648,0,NA,1,18,1.01092233009709
"484",16714,"Spain","Portugal",0,0,5,4,1648,1666,0,NA,-1,-18,0.989195678271308
"485",16713,"Germany","Turkey",3,3,8,18,1609,1505,0,1,10,104,1.06910299003322
"486",16713,"Turkey","Germany",3,3,18,8,1505,1609,0,1,-10,-104,0.935363579863269
"487",16711,"Slovenia","San Marino",4,0,33,55,1369,804,4,Inf,22,565,1.70273631840796
"488",16711,"San Marino","Slovenia",0,4,55,33,804,1369,-4,0,-22,-565,0.587289992695398
"489",16710,"Poland","Finland",5,1,14,30,1549,1410,4,5,16,139,1.09858156028369
"490",16710,"Finland","Poland",1,5,30,14,1410,1549,-4,0.2,-16,-139,0.910264686894771
"491",16709,"Austria","Greece",2,1,15,28,1523,1418,1,2,13,105,1.07404795486601
"492",16709,"Greece","Austria",1,2,28,15,1418,1523,-1,0.5,-13,-105,0.931057124097177
"493",16708,"Luxembourg","Liechtenstein",1,2,41,53,1244,911,-1,0.5,12,333,1.3655323819978
"494",16708,"Liechtenstein","Luxembourg",2,1,53,41,911,1244,1,2,-12,-333,0.732315112540193
"495",16707,"Cyprus","Czech Republic",1,2,42,22,1240,1458,-1,0.5,-20,-218,0.850480109739369
"496",16707,"Czech Republic","Cyprus",2,1,22,42,1458,1240,1,2,20,218,1.1758064516129
"497",16706,"Denmark","Faroe Islands",4,0,7,44,1631,1165,4,Inf,37,466,1.4
"498",16706,"Faroe Islands","Denmark",0,4,44,7,1165,1631,-4,0,-37,-466,0.714285714285714
"499",16705,"Malta","Gibraltar",2,0,51,54,955,880,2,Inf,3,75,1.08522727272727
"500",16705,"Gibraltar","Malta",0,2,54,51,880,955,-2,0,-3,-75,0.921465968586387
"501",16704,"Montenegro","Latvia",1,1,34,49,1368,1081,0,1,15,287,1.26549491211841
"502",16704,"Latvia","Montenegro",1,1,49,34,1081,1368,0,1,-15,-287,0.790204678362573
"503",16703,"Estonia","Lithuania",1,3,45,48,1161,1102,-2,0.333333333333333,3,59,1.0535390199637
"504",16703,"Lithuania","Estonia",3,1,48,45,1102,1161,2,3,-3,-59,0.949181739879414
"505",16702,"Belgium","Iceland",5,1,1,29,1783,1415,4,5,28,368,1.26007067137809
"506",16702,"Iceland","Belgium",1,5,29,1,1415,1783,-4,0.2,-28,-368,0.793606281547953
"507",16701,"Denmark","England",0,0,7,3,1631,1686,0,NA,-4,-55,0.967378410438909
"508",16701,"England","Denmark",0,0,3,7,1686,1631,0,NA,4,55,1.0337216431637
"509",16700,"France","Croatia",4,2,2,10,1757,1605,2,2,8,152,1.09470404984424
"510",16700,"Croatia","France",2,4,10,2,1605,1757,-2,0.5,-8,-152,0.91348890153671
"511",16699,"Sweden","Portugal",0,2,13,4,1569,1666,-2,0,-9,-97,0.941776710684274
"512",16699,"Portugal","Sweden",2,0,4,13,1666,1569,2,Inf,9,97,1.06182281708094
"513",16698,"Cyprus","Azerbaijan",0,1,42,43,1240,1168,-1,0,1,72,1.06164383561644
"514",16698,"Azerbaijan","Cyprus",1,0,43,42,1168,1240,1,Inf,-1,-72,0.941935483870968
"515",16697,"Luxembourg","Montenegro",0,1,41,34,1244,1368,-1,0,-7,-124,0.909356725146199
"516",16697,"Montenegro","Luxembourg",1,0,34,41,1368,1244,1,Inf,7,124,1.09967845659164
"517",16696,"San Marino","Liechtenstein",0,2,55,53,804,911,-2,0,-2,-107,0.882546652030735
"518",16696,"Liechtenstein","San Marino",2,0,53,55,911,804,2,Inf,2,107,1.13308457711443
"519",16695,"Armenia","Estonia",2,0,39,45,1273,1161,2,Inf,6,112,1.09646856158484
"520",16695,"Estonia","Armenia",0,2,45,39,1161,1273,-2,0,-6,-112,0.912018853102907
"521",16694,"Georgia","North Macedonia",1,1,40,32,1259,1374,0,1,-8,-115,0.916302765647744
"522",16694,"North Macedonia","Georgia",1,1,32,40,1374,1259,0,1,8,115,1.09134233518666
"523",16692,"Netherlands","Italy",0,1,11,6,1598,1642,-1,0,-5,-44,0.97320341047503
"524",16692,"Italy","Netherlands",1,0,6,11,1642,1598,1,Inf,5,44,1.02753441802253
"525",16691,"Austria","Romania",2,3,15,24,1523,1449,-1,0.666666666666667,9,74,1.05106970324362
"526",16691,"Romania","Austria",3,2,24,15,1449,1523,1,1.5,-9,-74,0.951411687458963
"527",16690,"Northern Ireland","Norway",1,5,27,23,1425,1452,-4,0.2,-4,-27,0.981404958677686
"528",16690,"Norway","Northern Ireland",5,1,23,27,1452,1425,4,5,4,27,1.01894736842105
"529",16689,"Czech Republic","Scotland",1,2,22,25,1458,1441,-1,0.5,3,17,1.0117973629424
"530",16689,"Scotland","Czech Republic",2,1,25,22,1441,1458,1,2,-3,-17,0.988340192043896
"531",16688,"Israel","Slovakia",1,1,37,19,1283,1475,0,1,-18,-192,0.869830508474576
"532",16688,"Slovakia","Israel",1,1,19,37,1475,1283,0,1,18,192,1.14964925954793
"533",16687,"Albania","Lithuania",0,1,35,48,1362,1102,-1,0,13,260,1.23593466424682
"534",16687,"Lithuania","Albania",1,0,48,35,1102,1362,1,Inf,-13,-260,0.809104258443465
"535",16686,"Kazakhstan","Belarus",1,2,47,38,1147,1276,-1,0.5,-9,-129,0.898902821316614
"536",16686,"Belarus","Kazakhstan",2,1,38,47,1276,1147,1,2,9,129,1.11246730601569
"537",16685,"Malta","Latvia",1,1,51,49,955,1081,0,1,-2,-126,0.883441258094357
"538",16685,"Latvia","Malta",1,1,49,51,1081,955,0,1,2,126,1.13193717277487
"539",16684,"Spain","Ukraine",4,0,5,16,1648,1514,4,Inf,11,134,1.0885072655218
"540",16684,"Ukraine","Spain",0,4,16,5,1514,1648,-4,0,-11,-134,0.918689320388349
"541",16683,"Switzerland","Germany",1,1,9,8,1606,1609,0,1,-1,-3,0.998135487880671
"542",16683,"Germany","Switzerland",1,1,8,9,1609,1606,0,1,1,3,1.00186799501868
"543",16682,"Serbia","Turkey",0,0,17,18,1512,1505,0,NA,1,7,1.0046511627907
"544",16682,"Turkey","Serbia",0,0,18,17,1505,1512,0,NA,-1,-7,0.99537037037037
"545",16681,"Kosovo","Greece",1,2,46,28,1151,1418,-1,0.5,-18,-267,0.811706629055007
"546",16681,"Greece","Kosovo",2,1,28,46,1418,1151,1,2,18,267,1.23197219808862
"547",16680,"Hungary","Russia",2,3,20,21,1468,1462,-1,0.666666666666667,1,6,1.00410396716826
"548",16680,"Russia","Hungary",3,2,21,20,1462,1468,1,1.5,-1,-6,0.99591280653951
"549",16678,"Slovenia","Moldova",1,0,33,52,1369,948,1,Inf,19,421,1.44409282700422
"550",16678,"Moldova","Slovenia",0,1,52,33,948,1369,-1,0,-19,-421,0.692476260043828
"551",16677,"Andorra","Faroe Islands",0,1,50,44,1034,1165,-1,0,-6,-131,0.88755364806867
"552",16677,"Faroe Islands","Andorra",1,0,44,50,1165,1034,1,Inf,6,131,1.12669245647969
"553",16676,"Wales","Bulgaria",1,0,12,36,1570,1339,1,Inf,24,231,1.17251680358476
"554",16676,"Bulgaria","Wales",0,1,36,12,1339,1570,-1,0,-24,-231,0.852866242038217
"555",16675,"Denmark","Belgium",0,2,7,1,1631,1783,-2,0,-6,-152,0.914750420639372
"556",16675,"Belgium","Denmark",2,0,1,7,1783,1631,2,Inf,6,152,1.09319435928878
"557",16674,"Portugal","Croatia",4,1,4,10,1666,1605,3,4,6,61,1.03800623052959
"558",16674,"Croatia","Portugal",1,4,10,4,1605,1666,-3,0.25,-6,-61,0.963385354141657
"559",16673,"Sweden","France",0,1,13,2,1569,1757,-1,0,-11,-188,0.892999430848036
"560",16673,"France","Sweden",1,0,2,13,1757,1569,1,Inf,11,188,1.11982154238368
"561",16672,"Iceland","England",0,1,29,3,1415,1686,-1,0,-26,-271,0.83926453143535
"562",16672,"England","Iceland",1,0,3,29,1686,1415,1,Inf,26,271,1.19151943462898
"563",16671,"Azerbaijan","Luxembourg",1,2,43,41,1168,1244,-1,0.5,-2,-76,0.938906752411576
"564",16671,"Luxembourg","Azerbaijan",2,1,41,43,1244,1168,1,2,2,76,1.06506849315068
"565",16670,"Cyprus","Montenegro",0,2,42,34,1240,1368,-2,0,-8,-128,0.906432748538012
"566",16670,"Montenegro","Cyprus",2,0,34,42,1368,1240,2,Inf,8,128,1.10322580645161
"567",16669,"Estonia","Georgia",0,1,45,40,1161,1259,-1,0,-5,-98,0.922160444797458
"568",16669,"Georgia","Estonia",1,0,40,45,1259,1161,1,Inf,5,98,1.08440999138674
"569",16668,"North Macedonia","Armenia",2,1,32,39,1374,1273,1,2,7,101,1.07934014139827
"570",16668,"Armenia","North Macedonia",1,2,39,32,1273,1374,-1,0.5,-7,-101,0.926491994177584
"571",16667,"Gibraltar","San Marino",1,0,54,55,880,804,1,Inf,1,76,1.09452736318408
"572",16667,"San Marino","Gibraltar",0,1,55,54,804,880,-1,0,-1,-76,0.913636363636364
"573",16665,"Netherlands","Poland",1,0,11,14,1598,1549,1,Inf,3,49,1.03163331181407
"574",16665,"Poland","Netherlands",0,1,14,11,1549,1598,-1,0,-3,-49,0.969336670838548
"575",16664,"Norway","Austria",1,2,23,15,1452,1523,-1,0.5,-8,-71,0.953381483913329
"576",16664,"Austria","Norway",2,1,15,23,1523,1452,1,2,8,71,1.04889807162534
"577",16663,"Romania","Northern Ireland",1,1,24,27,1449,1425,0,1,3,24,1.01684210526316
"578",16663,"Northern Ireland","Romania",1,1,27,24,1425,1449,0,1,-3,-24,0.98343685300207
"579",16662,"Scotland","Israel",1,1,25,37,1441,1283,0,1,12,158,1.12314886983632
"580",16662,"Israel","Scotland",1,1,37,25,1283,1441,0,1,-12,-158,0.890353920888272
"581",16661,"Slovakia","Czech Republic",1,3,19,22,1475,1458,-2,0.333333333333333,3,17,1.0116598079561
"582",16661,"Czech Republic","Slovakia",3,1,22,19,1458,1475,2,3,-3,-17,0.988474576271186
"583",16660,"Belarus","Albania",0,2,38,35,1276,1362,-2,0,-3,-86,0.936857562408223
"584",16660,"Albania","Belarus",2,0,35,38,1362,1276,2,Inf,3,86,1.06739811912226
"585",16659,"Lithuania","Kazakhstan",0,2,48,47,1102,1147,-2,0,-1,-45,0.960767218831735
"586",16659,"Kazakhstan","Lithuania",2,0,47,48,1147,1102,2,Inf,1,45,1.04083484573503
"587",16658,"Faroe Islands","Malta",3,2,44,51,1165,955,1,1.5,7,210,1.21989528795812
"588",16658,"Malta","Faroe Islands",2,3,51,44,955,1165,-1,0.666666666666667,-7,-210,0.819742489270386
"589",16657,"Germany","Spain",1,1,8,5,1609,1648,0,1,-3,-39,0.976334951456311
"590",16657,"Spain","Germany",1,1,5,8,1648,1609,0,1,3,39,1.02423865755127
"591",16656,"Ukraine","Switzerland",2,1,16,9,1514,1606,1,2,-7,-92,0.942714819427148
"592",16656,"Switzerland","Ukraine",1,2,9,16,1606,1514,-1,0.5,7,92,1.06076618229855
"593",16655,"Russia","Serbia",3,1,21,17,1462,1512,2,3,-4,-50,0.966931216931217
"594",16655,"Serbia","Russia",1,3,17,21,1512,1462,-2,0.333333333333333,4,50,1.03419972640219
"595",16654,"Turkey","Hungary",0,1,18,20,1505,1468,-1,0,2,37,1.02520435967302
"596",16654,"Hungary","Turkey",1,0,20,18,1468,1505,1,Inf,-2,-37,0.975415282392027
"597",16652,"Finland","Wales",0,1,30,12,1410,1570,-1,0,-18,-160,0.898089171974522
"598",16652,"Wales","Finland",1,0,12,30,1570,1410,1,Inf,18,160,1.11347517730496
"599",16651,"Moldova","Kosovo",1,1,52,46,948,1151,0,1,-6,-203,0.823631624674196
"600",16651,"Kosovo","Moldova",1,1,46,52,1151,948,0,1,6,203,1.21413502109705
"601",16650,"Slovenia","Greece",0,0,33,28,1369,1418,0,NA,-5,-49,0.965444287729196
"602",16650,"Greece","Slovenia",0,0,28,33,1418,1369,0,NA,5,49,1.03579254930606
"603",16649,"Latvia","Andorra",0,0,49,50,1081,1034,0,NA,1,47,1.04545454545455
"604",16649,"Andorra","Latvia",0,0,50,49,1034,1081,0,NA,-1,-47,0.956521739130435
"605",16648,"Bulgaria","Belarus",0,1,36,38,1339,1276,-1,0,2,63,1.04937304075235
"606",16648,"Belarus","Bulgaria",1,0,38,36,1276,1339,1,Inf,-2,-63,0.952949962658701
"607",16644,"Kosovo","Sweden",0,1,46,13,1151,1569,-1,0,-33,-418,0.733588272785214
"608",16644,"Sweden","Kosovo",1,0,13,46,1569,1151,1,Inf,33,418,1.36316246741964
"609",16643,"Moldova","Sweden",0,1,52,13,948,1569,-1,0,-39,-621,0.604206500956023
"610",16643,"Sweden","Moldova",1,0,13,52,1569,948,1,Inf,39,621,1.65506329113924
"611",16642,"Germany","Northern Ireland",6,1,8,27,1609,1425,5,6,19,184,1.12912280701754
"612",16642,"Northern Ireland","Germany",1,6,27,8,1425,1609,-5,0.166666666666667,-19,-184,0.885643256681168
"613",16641,"Netherlands","Estonia",5,0,11,45,1598,1161,5,Inf,34,437,1.37639965546942
"614",16641,"Estonia","Netherlands",0,5,45,11,1161,1598,-5,0,-34,-437,0.726533166458073
"615",16640,"Wales","Hungary",2,0,12,20,1570,1468,2,Inf,8,102,1.06948228882834
"616",16640,"Hungary","Wales",0,2,20,12,1468,1570,-2,0,-8,-102,0.935031847133758
"617",16639,"Slovakia","Azerbaijan",2,0,19,43,1475,1168,2,Inf,24,307,1.26284246575342
"618",16639,"Azerbaijan","Slovakia",0,2,43,19,1168,1475,-2,0,-24,-307,0.791864406779661
"619",16638,"Poland","Slovenia",3,2,14,33,1549,1369,1,1.5,19,180,1.13148283418554
"620",16638,"Slovenia","Poland",2,3,33,14,1369,1549,-1,0.666666666666667,-19,-180,0.883795997417689
"621",16637,"Latvia","Austria",1,0,49,15,1081,1523,1,Inf,-34,-442,0.70978332239002
"622",16637,"Austria","Latvia",0,1,15,49,1523,1081,-1,0,34,442,1.40888066604995
"623",16636,"North Macedonia","Israel",1,0,32,37,1374,1283,1,Inf,5,91,1.07092751363991
"624",16636,"Israel","North Macedonia",0,1,37,32,1283,1374,-1,0,-5,-91,0.933770014556041
"625",16635,"Belgium","Cyprus",6,1,1,42,1783,1240,5,6,41,543,1.43790322580645
"626",16635,"Cyprus","Belgium",1,6,42,1,1240,1783,-5,0.166666666666667,-41,-543,0.695457094784072
"627",16634,"San Marino","Russia",0,5,55,21,804,1462,-5,0,-34,-658,0.549931600547196
"628",16634,"Russia","San Marino",5,0,21,55,1462,804,5,Inf,34,658,1.81840796019901
"629",16633,"Scotland","Kazakhstan",3,1,25,47,1441,1147,2,3,22,294,1.256320836966
"630",16633,"Kazakhstan","Scotland",1,3,47,25,1147,1441,-2,0.333333333333333,-22,-294,0.795975017349063
"631",16632,"Montenegro","Belarus",2,0,34,38,1368,1276,2,Inf,4,92,1.07210031347962
"632",16632,"Belarus","Montenegro",0,2,38,34,1276,1368,-2,0,-4,-92,0.932748538011696
"633",16631,"Croatia","Georgia",2,1,10,40,1605,1259,1,2,30,346,1.2748212867355
"634",16631,"Georgia","Croatia",1,2,40,10,1259,1605,-1,0.5,-30,-346,0.784423676012461
"635",16630,"Gibraltar","Switzerland",1,6,54,9,880,1606,-5,0.166666666666667,-45,-726,0.547945205479452
"636",16630,"Switzerland","Gibraltar",6,1,9,54,1606,880,5,6,45,726,1.825
"637",16628,"Spain","Romania",5,0,5,24,1648,1449,5,Inf,19,199,1.13733609385783
"638",16628,"Romania","Spain",0,5,24,5,1449,1648,-5,0,-19,-199,0.879247572815534
"639",16627,"Sweden","Faroe Islands",3,0,13,44,1569,1165,3,Inf,31,404,1.34678111587983
"640",16627,"Faroe Islands","Sweden",0,3,44,13,1165,1569,-3,0,-31,-404,0.74251115360102
"641",16626,"Malta","Norway",1,2,51,23,955,1452,-1,0.5,-28,-497,0.65771349862259
"642",16626,"Norway","Malta",2,1,23,51,1452,955,1,2,28,497,1.52041884816754
"643",16625,"Italy","Armenia",9,1,6,39,1642,1273,8,9,33,369,1.28986645718775
"644",16625,"Armenia","Italy",1,9,39,6,1273,1642,-8,0.111111111111111,-33,-369,0.775274056029233
"645",16623,"Greece","Finland",2,1,28,30,1418,1410,1,2,2,8,1.00567375886525
"646",16623,"Finland","Greece",1,2,30,28,1410,1418,-1,0.5,-2,-8,0.994358251057828
"647",16622,"Albania","France",0,2,35,2,1362,1757,-2,0,-33,-395,0.775184974388162
"648",16622,"France","Albania",2,0,2,35,1757,1362,2,Inf,33,395,1.29001468428781
"649",16621,"Moldova","Iceland",1,2,52,29,948,1415,-1,0.5,-23,-467,0.669964664310954
"650",16621,"Iceland","Moldova",2,1,29,52,1415,948,1,2,23,467,1.49261603375527
"651",16620,"Andorra","Turkey",0,2,50,18,1034,1505,-2,0,-32,-471,0.687043189368771
"652",16620,"Turkey","Andorra",2,0,18,50,1505,1034,2,Inf,32,471,1.45551257253385
"653",16619,"Kosovo","England",0,4,46,3,1151,1686,-4,0,-43,-535,0.682680901542111
"654",16619,"England","Kosovo",4,0,3,46,1686,1151,4,Inf,43,535,1.46481320590791
"655",16618,"Bulgaria","Czech Republic",1,0,36,22,1339,1458,1,Inf,-14,-119,0.91838134430727
"656",16618,"Czech Republic","Bulgaria",0,1,22,36,1458,1339,-1,0,14,119,1.08887229275579
"657",16617,"Luxembourg","Portugal",0,2,41,4,1244,1666,-2,0,-37,-422,0.746698679471789
"658",16617,"Portugal","Luxembourg",2,0,4,41,1666,1244,2,Inf,37,422,1.33922829581994
"659",16616,"Serbia","Ukraine",2,2,17,16,1512,1514,0,1,-1,-2,0.998678996036988
"660",16616,"Ukraine","Serbia",2,2,16,17,1514,1512,0,1,1,2,1.00132275132275
"661",16614,"Germany","Belarus",4,0,8,38,1609,1276,4,Inf,30,333,1.26097178683386
"662",16614,"Belarus","Germany",0,4,38,8,1276,1609,-4,0,-30,-333,0.793039154754506
"663",16613,"Northern Ireland","Netherlands",0,0,27,11,1425,1598,0,NA,-16,-173,0.891739674593242
"664",16613,"Netherlands","Northern Ireland",0,0,11,27,1598,1425,0,NA,16,173,1.12140350877193
"665",16612,"Croatia","Slovakia",3,1,10,19,1605,1475,2,3,9,130,1.08813559322034
"666",16612,"Slovakia","Croatia",1,3,19,10,1475,1605,-2,0.333333333333333,-9,-130,0.919003115264797
"667",16611,"Israel","Poland",1,2,37,14,1283,1549,-1,0.5,-23,-266,0.828276307295029
"668",16611,"Poland","Israel",2,1,14,37,1549,1283,1,2,23,266,1.20732657833203
"669",16610,"Austria","North Macedonia",2,1,15,32,1523,1374,1,2,17,149,1.10844250363901
"670",16610,"North Macedonia","Austria",1,2,32,15,1374,1523,-1,0.5,-17,-149,0.902166776099803
"671",16609,"Azerbaijan","Wales",0,2,43,12,1168,1570,-2,0,-31,-402,0.743949044585987
"672",16609,"Wales","Azerbaijan",2,0,12,43,1570,1168,2,Inf,31,402,1.34417808219178
"673",16608,"Slovenia","Latvia",1,0,33,49,1369,1081,1,Inf,16,288,1.26641998149861
"674",16608,"Latvia","Slovenia",0,1,49,33,1081,1369,-1,0,-16,-288,0.789627465303141
"675",16607,"Russia","Belgium",1,4,21,1,1462,1783,-3,0.25,-20,-321,0.819966348850252
"676",16607,"Belgium","Russia",4,1,1,21,1783,1462,3,4,20,321,1.21956224350205
"677",16606,"San Marino","Kazakhstan",1,3,55,47,804,1147,-2,0.333333333333333,-8,-343,0.700959023539669
"678",16606,"Kazakhstan","San Marino",3,1,47,55,1147,804,2,3,8,343,1.42661691542289
"679",16605,"Cyprus","Scotland",1,2,42,25,1240,1441,-1,0.5,-17,-201,0.860513532269257
"680",16605,"Scotland","Cyprus",2,1,25,42,1441,1240,1,2,17,201,1.16209677419355
"681",16604,"Switzerland","Georgia",1,0,9,40,1606,1259,1,Inf,31,347,1.27561556791104
"682",16604,"Georgia","Switzerland",0,1,40,9,1259,1606,-1,0,-31,-347,0.783935242839352
"683",16603,"Denmark","Gibraltar",6,0,7,54,1631,880,6,Inf,47,751,1.85340909090909
"684",16603,"Gibraltar","Denmark",0,6,54,7,880,1631,-6,0,-47,-751,0.539546290619252
"685",16602,"Spain","Malta",7,0,5,51,1648,955,7,Inf,46,693,1.72565445026178
"686",16602,"Malta","Spain",0,7,51,5,955,1648,-7,0,-46,-693,0.579490291262136
"687",16601,"Romania","Sweden",0,2,24,13,1449,1569,-2,0,-11,-120,0.923518164435946
"688",16601,"Sweden","Romania",2,0,13,24,1569,1449,2,Inf,11,120,1.08281573498965
"689",16598,"Finland","Liechtenstein",3,0,30,53,1410,911,3,Inf,23,499,1.54774972557629
"690",16598,"Liechtenstein","Finland",0,3,53,30,911,1410,-3,0,-23,-499,0.646099290780142
"691",16597,"Armenia","Greece",0,1,39,28,1273,1418,-1,0,-11,-145,0.897743300423131
"692",16597,"Greece","Armenia",1,0,28,39,1418,1273,1,Inf,11,145,1.11390416339356
"693",16596,"Norway","Faroe Islands",4,0,23,44,1452,1165,4,Inf,21,287,1.24635193133047
"694",16596,"Faroe Islands","Norway",0,4,44,23,1165,1452,-4,0,-21,-287,0.802341597796143
"695",16595,"England","Montenegro",7,0,3,34,1686,1368,7,Inf,31,318,1.23245614035088
"696",16595,"Montenegro","England",0,7,34,3,1368,1686,-7,0,-31,-318,0.811387900355872
"697",16594,"Czech Republic","Kosovo",2,1,22,46,1458,1151,1,2,24,307,1.26672458731538
"698",16594,"Kosovo","Czech Republic",1,2,46,22,1151,1458,-1,0.5,-24,-307,0.789437585733882
"699",16593,"Portugal","Lithuania",6,0,4,48,1666,1102,6,Inf,44,564,1.51179673321234
"700",16593,"Lithuania","Portugal",0,6,48,4,1102,1666,-6,0,-44,-564,0.661464585834334
"701",16592,"Serbia","Luxembourg",3,2,17,41,1512,1244,1,1.5,24,268,1.21543408360129
"702",16592,"Luxembourg","Serbia",2,3,41,17,1244,1512,-1,0.666666666666667,-24,-268,0.822751322751323
"703",16591,"France","Moldova",2,1,2,52,1757,948,1,2,50,809,1.85337552742616
"704",16591,"Moldova","France",1,2,52,2,948,1757,-1,0.5,-50,-809,0.539556061468412
"705",16590,"Albania","Andorra",2,2,35,50,1362,1034,0,1,15,328,1.31721470019342
"706",16590,"Andorra","Albania",2,2,50,35,1034,1362,0,1,-15,-328,0.759177679882526
"707",16588,"Ukraine","Estonia",1,0,16,45,1514,1161,1,Inf,29,353,1.30404823428079
"708",16588,"Estonia","Ukraine",0,1,45,16,1161,1514,-1,0,-29,-353,0.766842800528402
"709",16586,"Turkey","Iceland",0,0,18,29,1505,1415,0,NA,11,90,1.06360424028269
"710",16586,"Iceland","Turkey",0,0,29,18,1415,1505,0,NA,-11,-90,0.940199335548173
"711",16584,"Gibraltar","Georgia",2,3,54,40,880,1259,-1,0.666666666666667,-14,-379,0.698967434471803
"712",16584,"Georgia","Gibraltar",3,2,40,54,1259,880,1,1.5,14,379,1.43068181818182
"713",16583,"Sweden","Spain",1,1,13,5,1569,1648,0,1,-8,-79,0.952063106796116
"714",16583,"Spain","Sweden",1,1,5,13,1648,1569,0,1,8,79,1.05035054174634
"715",16582,"Romania","Norway",1,1,24,23,1449,1452,0,1,-1,-3,0.997933884297521
"716",16582,"Norway","Romania",1,1,23,24,1452,1449,0,1,1,3,1.00207039337474
"717",16581,"Faroe Islands","Malta",1,0,44,51,1165,955,1,Inf,7,210,1.21989528795812
"718",16581,"Malta","Faroe Islands",0,1,51,44,955,1165,-1,0,-7,-210,0.819742489270386
"719",16580,"Israel","Latvia",3,1,37,49,1283,1081,2,3,12,202,1.18686401480111
"720",16580,"Latvia","Israel",1,3,49,37,1081,1283,-2,0.333333333333333,-12,-202,0.842556508183944
"721",16579,"Liechtenstein","Italy",0,5,53,6,911,1642,-5,0,-47,-731,0.554811205846529
"722",16579,"Italy","Liechtenstein",5,0,6,53,1642,911,5,Inf,47,731,1.80241492864984
"723",16577,"Denmark","Luxembourg",4,0,7,41,1631,1244,4,Inf,34,387,1.31109324758842
"724",16577,"Luxembourg","Denmark",0,4,41,7,1244,1631,-4,0,-34,-387,0.762722256284488
"725",16576,"Finland","Armenia",3,0,30,39,1410,1273,3,Inf,9,137,1.10761979575805
"726",16576,"Armenia","Finland",0,3,39,30,1273,1410,-3,0,-9,-137,0.902836879432624
"727",16575,"Bulgaria","England",0,6,36,3,1339,1686,-6,0,-33,-347,0.794187425860024
"728",16575,"England","Bulgaria",6,0,3,36,1686,1339,6,Inf,33,347,1.25914861837192
"729",16574,"Kosovo","Montenegro",2,0,46,34,1151,1368,2,Inf,-12,-217,0.841374269005848
"730",16574,"Montenegro","Kosovo",0,2,34,46,1368,1151,-2,0,12,217,1.18853171155517
"731",16573,"Ukraine","Portugal",2,1,16,4,1514,1666,1,2,-12,-152,0.908763505402161
"732",16573,"Portugal","Ukraine",1,2,4,16,1666,1514,-1,0.5,12,152,1.1003963011889
"733",16572,"Lithuania","Serbia",1,2,48,17,1102,1512,-1,0.5,-31,-410,0.728835978835979
"734",16572,"Serbia","Lithuania",2,1,17,48,1512,1102,1,2,31,410,1.37205081669691
"735",16571,"France","Turkey",1,1,2,18,1757,1505,0,1,16,252,1.16744186046512
"736",16571,"Turkey","France",1,1,18,2,1505,1757,0,1,-16,-252,0.856573705179283
"737",16570,"Iceland","Andorra",2,0,29,50,1415,1034,2,Inf,21,381,1.36847195357834
"738",16570,"Andorra","Iceland",0,2,50,29,1034,1415,-2,0,-21,-381,0.730742049469965
"739",16569,"Moldova","Albania",0,4,52,35,948,1362,-4,0,-17,-414,0.696035242290749
"740",16569,"Albania","Moldova",4,0,35,52,1362,948,4,Inf,17,414,1.43670886075949
"741",16568,"Czech Republic","Northern Ireland",2,3,22,27,1458,1425,-1,0.666666666666667,5,33,1.02315789473684
"742",16568,"Northern Ireland","Czech Republic",3,2,27,22,1425,1458,1,1.5,-5,-33,0.977366255144033
"743",16567,"Poland","North Macedonia",2,0,14,32,1549,1374,2,Inf,18,175,1.127365356623
"744",16567,"North Macedonia","Poland",0,2,32,14,1374,1549,-2,0,-18,-175,0.887023886378309
"745",16566,"Estonia","Germany",0,3,45,8,1161,1609,-3,0,-37,-448,0.721566190180236
"746",16566,"Germany","Estonia",3,0,8,45,1609,1161,3,Inf,37,448,1.38587424633936
"747",16565,"Wales","Croatia",1,1,12,10,1570,1605,0,1,-2,-35,0.978193146417445
"748",16565,"Croatia","Wales",1,1,10,12,1605,1570,0,1,2,35,1.02229299363057
"749",16564,"Slovenia","Austria",0,1,33,15,1369,1523,-1,0,-18,-154,0.898883782009192
"750",16564,"Austria","Slovenia",1,0,15,33,1523,1369,1,Inf,18,154,1.11249086924763
"751",16562,"Belarus","Netherlands",1,2,38,11,1276,1598,-1,0.5,-27,-322,0.798498122653317
"752",16562,"Netherlands","Belarus",2,1,11,38,1598,1276,1,2,27,322,1.25235109717868
"753",16561,"Hungary","Azerbaijan",1,0,20,43,1468,1168,1,Inf,23,300,1.25684931506849
"754",16561,"Azerbaijan","Hungary",0,1,43,20,1168,1468,-1,0,-23,-300,0.795640326975477
"755",16560,"Scotland","San Marino",6,0,25,55,1441,804,6,Inf,30,637,1.79228855721393
"756",16560,"San Marino","Scotland",0,6,55,25,804,1441,-6,0,-30,-637,0.55794587092297
"757",16559,"Cyprus","Russia",0,5,42,21,1240,1462,-5,0,-21,-222,0.848153214774282
"758",16559,"Russia","Cyprus",5,0,21,42,1462,1240,5,Inf,21,222,1.17903225806452
"759",16558,"Kazakhstan","Belgium",0,2,47,1,1147,1783,-2,0,-46,-636,0.643297812675266
"760",16558,"Belgium","Kazakhstan",2,0,1,47,1783,1147,2,Inf,46,636,1.55448997384481
"761",16557,"Malta","Sweden",0,4,51,13,955,1569,-4,0,-38,-614,0.608667941363926
"762",16557,"Sweden","Malta",4,0,13,51,1569,955,4,Inf,38,614,1.64293193717277
"763",16556,"Liechtenstein","Armenia",1,1,53,39,911,1273,0,1,-14,-362,0.715632364493323
"764",16556,"Armenia","Liechtenstein",1,1,39,53,1273,911,0,1,14,362,1.397365532382
"765",16555,"Norway","Spain",1,1,23,5,1452,1648,0,1,-18,-196,0.881067961165049
"766",16555,"Spain","Norway",1,1,5,23,1648,1452,0,1,18,196,1.13498622589532
"767",16554,"Italy","Greece",2,0,6,28,1642,1418,2,Inf,22,224,1.15796897038082
"768",16554,"Greece","Italy",0,2,28,6,1418,1642,-2,0,-22,-224,0.863580998781973
"769",16553,"Denmark","Switzerland",1,0,7,9,1631,1606,1,Inf,2,25,1.01556662515567
"770",16553,"Switzerland","Denmark",0,1,9,7,1606,1631,-1,0,-2,-25,0.984671980380135
"771",16551,"Faroe Islands","Romania",0,3,44,24,1165,1449,-3,0,-20,-284,0.8040027605245
"772",16551,"Romania","Faroe Islands",3,0,24,44,1449,1165,3,Inf,20,284,1.24377682403433
"773",16549,"Czech Republic","England",2,1,22,3,1458,1686,1,2,-19,-228,0.864768683274021
"774",16549,"England","Czech Republic",1,2,3,22,1686,1458,-1,0.5,19,228,1.15637860082305
"775",16548,"Montenegro","Bulgaria",0,0,34,36,1368,1339,0,NA,2,29,1.02165795369679
"776",16548,"Bulgaria","Montenegro",0,0,36,34,1339,1368,0,NA,-2,-29,0.978801169590643
"777",16547,"Portugal","Luxembourg",3,0,4,41,1666,1244,3,Inf,37,422,1.33922829581994
"778",16547,"Luxembourg","Portugal",0,3,41,4,1244,1666,-3,0,-37,-422,0.746698679471789
"779",16546,"Ukraine","Lithuania",2,0,16,48,1514,1102,2,Inf,32,412,1.37386569872958
"780",16546,"Lithuania","Ukraine",0,2,48,16,1102,1514,-2,0,-32,-412,0.727873183619551
"781",16545,"Iceland","France",0,1,29,2,1415,1757,-1,0,-27,-342,0.805350028457598
"782",16545,"France","Iceland",1,0,2,29,1757,1415,1,Inf,27,342,1.24169611307421
"783",16544,"Turkey","Albania",1,0,18,35,1505,1362,1,Inf,17,143,1.10499265785609
"784",16544,"Albania","Turkey",0,1,35,18,1362,1505,-1,0,-17,-143,0.904983388704319
"785",16543,"Andorra","Moldova",1,0,50,52,1034,948,1,Inf,2,86,1.09071729957806
"786",16543,"Moldova","Andorra",0,1,52,50,948,1034,-1,0,-2,-86,0.916827852998066
"787",16542,"Netherlands","Northern Ireland",3,1,11,27,1598,1425,2,3,16,173,1.12140350877193
"788",16542,"Northern Ireland","Netherlands",1,3,27,11,1425,1598,-2,0.333333333333333,-16,-173,0.891739674593242
"789",16541,"Croatia","Hungary",3,0,10,20,1605,1468,3,Inf,10,137,1.0933242506812
"790",16541,"Hungary","Croatia",0,3,20,10,1468,1605,-3,0,-10,-137,0.914641744548287
"791",16540,"Slovakia","Wales",1,1,19,12,1475,1570,0,1,-7,-95,0.939490445859873
"792",16540,"Wales","Slovakia",1,1,12,19,1570,1475,0,1,7,95,1.06440677966102
"793",16539,"Latvia","Poland",0,3,49,14,1081,1549,-3,0,-35,-468,0.697869593285991
"794",16539,"Poland","Latvia",3,0,14,49,1549,1081,3,Inf,35,468,1.43293246993525
"795",16538,"Austria","Israel",3,1,15,37,1523,1283,2,3,22,240,1.18706157443492
"796",16538,"Israel","Austria",1,3,37,15,1283,1523,-2,0.333333333333333,-22,-240,0.842416283650689
"797",16537,"North Macedonia","Slovenia",2,1,32,33,1374,1369,1,2,1,5,1.0036523009496
"798",16537,"Slovenia","North Macedonia",1,2,33,32,1369,1374,-1,0.5,-1,-5,0.996360989810771
"799",16536,"Belgium","San Marino",9,0,1,55,1783,804,9,Inf,54,979,2.21766169154229
"800",16536,"San Marino","Belgium",0,9,55,1,804,1783,-9,0,-54,-979,0.450925406618059
"801",16535,"Russia","Scotland",4,0,21,25,1462,1441,4,Inf,4,21,1.0145732130465
"802",16535,"Scotland","Russia",0,4,25,21,1441,1462,-4,0,-4,-21,0.985636114911081
"803",16533,"Belarus","Estonia",0,0,38,45,1276,1161,0,NA,7,115,1.09905254091301
"804",16533,"Estonia","Belarus",0,0,45,38,1161,1276,0,NA,-7,-115,0.90987460815047
"805",16532,"Kosovo","Gibraltar",1,0,46,54,1151,880,1,Inf,8,271,1.30795454545455
"806",16532,"Gibraltar","Kosovo",0,1,54,46,880,1151,-1,0,-8,-271,0.764552562988705
"807",16531,"Kazakhstan","Cyprus",1,2,47,42,1147,1240,-1,0.5,-5,-93,0.925
"808",16531,"Cyprus","Kazakhstan",2,1,42,47,1240,1147,1,2,5,93,1.08108108108108
"809",16528,"England","Kosovo",5,3,3,46,1686,1151,2,1.66666666666667,43,535,1.46481320590791
"810",16528,"Kosovo","England",3,5,46,3,1151,1686,-2,0.6,-43,-535,0.682680901542111
"811",16527,"Montenegro","Czech Republic",0,3,34,22,1368,1458,-3,0,-12,-90,0.938271604938272
"812",16527,"Czech Republic","Montenegro",3,0,22,34,1458,1368,3,Inf,12,90,1.06578947368421
"813",16526,"Lithuania","Portugal",1,5,48,4,1102,1666,-4,0.2,-44,-564,0.661464585834334
"814",16526,"Portugal","Lithuania",5,1,4,48,1666,1102,4,5,44,564,1.51179673321234
"815",16525,"Luxembourg","Serbia",1,3,41,17,1244,1512,-2,0.333333333333333,-24,-268,0.822751322751323
"816",16525,"Serbia","Luxembourg",3,1,17,41,1512,1244,2,3,24,268,1.21543408360129
"817",16524,"France","Andorra",3,0,2,50,1757,1034,3,Inf,48,723,1.69922630560928
"818",16524,"Andorra","France",0,3,50,2,1034,1757,-3,0,-48,-723,0.5885031303358
"819",16523,"Albania","Iceland",4,2,35,29,1362,1415,2,2,-6,-53,0.962544169611307
"820",16523,"Iceland","Albania",2,4,29,35,1415,1362,-2,0.5,6,53,1.03891336270191
"821",16522,"Moldova","Turkey",0,4,52,18,948,1505,-4,0,-34,-557,0.629900332225914
"822",16522,"Turkey","Moldova",4,0,18,52,1505,948,4,Inf,34,557,1.58755274261603
"823",16519,"Northern Ireland","Germany",0,2,27,8,1425,1609,-2,0,-19,-184,0.885643256681168
"824",16519,"Germany","Northern Ireland",2,0,8,27,1609,1425,2,Inf,19,184,1.12912280701754
"825",16518,"Estonia","Netherlands",0,4,45,11,1161,1598,-4,0,-34,-437,0.726533166458073
"826",16518,"Netherlands","Estonia",4,0,11,45,1598,1161,4,Inf,34,437,1.37639965546942
"827",16517,"Hungary","Slovakia",1,2,20,19,1468,1475,-1,0.5,-1,-7,0.995254237288136
"828",16517,"Slovakia","Hungary",2,1,19,20,1475,1468,1,2,1,7,1.00476839237057
"829",16516,"Poland","Austria",0,0,14,15,1549,1523,0,NA,1,26,1.01707156927118
"830",16516,"Austria","Poland",0,0,15,14,1523,1549,0,NA,-1,-26,0.983214977404777
"831",16515,"Slovenia","Israel",3,2,33,37,1369,1283,1,1.5,4,86,1.06703039750585
"832",16515,"Israel","Slovenia",2,3,37,33,1283,1369,-1,0.666666666666667,-4,-86,0.93718042366691
"833",16514,"Latvia","North Macedonia",0,2,49,32,1081,1374,-2,0,-17,-293,0.786754002911208
"834",16514,"North Macedonia","Latvia",2,0,32,49,1374,1081,2,Inf,17,293,1.27104532839963
"835",16513,"Scotland","Belgium",0,4,25,1,1441,1783,-4,0,-24,-342,0.808188446438587
"836",16513,"Belgium","Scotland",4,0,1,25,1783,1441,4,Inf,24,342,1.23733518390007
"837",16512,"Russia","Kazakhstan",1,0,21,47,1462,1147,1,Inf,26,315,1.27462946817786
"838",16512,"Kazakhstan","Russia",0,1,47,21,1147,1462,-1,0,-26,-315,0.784541723666211
"839",16511,"San Marino","Cyprus",0,4,55,42,804,1240,-4,0,-13,-436,0.648387096774194
"840",16511,"Cyprus","San Marino",4,0,42,55,1240,804,4,Inf,13,436,1.54228855721393
"841",16510,"Wales","Belarus",1,0,12,38,1570,1276,1,Inf,26,294,1.23040752351097
"842",16510,"Belarus","Wales",0,1,38,12,1276,1570,-1,0,-26,-294,0.812738853503185
"843",16509,"Azerbaijan","Croatia",1,1,43,10,1168,1605,0,1,-33,-437,0.727725856697819
"844",16509,"Croatia","Azerbaijan",1,1,10,43,1605,1168,0,1,33,437,1.37414383561644
"845",16508,"Spain","Faroe Islands",4,0,5,44,1648,1165,4,Inf,39,483,1.41459227467811
"846",16508,"Faroe Islands","Spain",0,4,44,5,1165,1648,-4,0,-39,-483,0.706917475728155
"847",16507,"Sweden","Norway",1,1,13,23,1569,1452,0,1,10,117,1.08057851239669
"848",16507,"Norway","Sweden",1,1,23,13,1452,1569,0,1,-10,-117,0.925430210325048
"849",16506,"Finland","Italy",1,2,30,6,1410,1642,-1,0.5,-24,-232,0.858708891595615
"850",16506,"Italy","Finland",2,1,6,30,1642,1410,1,2,24,232,1.1645390070922
"851",16505,"Greece","Liechtenstein",1,1,28,53,1418,911,0,1,25,507,1.55653128430296
"852",16505,"Liechtenstein","Greece",1,1,53,28,911,1418,0,1,-25,-507,0.642454160789845
"853",16504,"Switzerland","Gibraltar",4,0,9,54,1606,880,4,Inf,45,726,1.825
"854",16504,"Gibraltar","Switzerland",0,4,54,9,880,1606,-4,0,-45,-726,0.547945205479452
"855",16503,"Georgia","Denmark",0,0,40,7,1259,1631,0,NA,-33,-372,0.771919068056407
"856",16503,"Denmark","Georgia",0,0,7,40,1631,1259,0,NA,33,372,1.29547259729944
"857",16502,"Romania","Malta",1,0,24,51,1449,955,1,Inf,27,494,1.51727748691099
"858",16502,"Malta","Romania",0,1,51,24,955,1449,-1,0,-27,-494,0.659075224292616
"859",16500,"Serbia","Portugal",2,4,17,4,1512,1666,-2,0.5,-13,-154,0.907563025210084
"860",16500,"Portugal","Serbia",4,2,4,17,1666,1512,2,2,13,154,1.10185185185185
"861",16499,"France","Albania",4,1,2,35,1757,1362,3,4,33,395,1.29001468428781
"862",16499,"Albania","France",1,4,35,2,1362,1757,-3,0.25,-33,-395,0.775184974388162
"863",16498,"Turkey","Andorra",1,0,18,50,1505,1034,1,Inf,32,471,1.45551257253385
"864",16498,"Andorra","Turkey",0,1,50,18,1034,1505,-1,0,-32,-471,0.687043189368771
"865",16497,"England","Bulgaria",4,0,3,36,1686,1339,4,Inf,33,347,1.25914861837192
"866",16497,"Bulgaria","England",0,4,36,3,1339,1686,-4,0,-33,-347,0.794187425860024
"867",16496,"Lithuania","Ukraine",0,3,48,16,1102,1514,-3,0,-32,-412,0.727873183619551
"868",16496,"Ukraine","Lithuania",3,0,16,48,1514,1102,3,Inf,32,412,1.37386569872958
"869",16495,"Iceland","Moldova",3,0,29,52,1415,948,3,Inf,23,467,1.49261603375527
"870",16495,"Moldova","Iceland",0,3,52,29,948,1415,-3,0,-23,-467,0.669964664310954
"871",16494,"Kosovo","Czech Republic",2,1,46,22,1151,1458,1,2,-24,-307,0.789437585733882
"872",16494,"Czech Republic","Kosovo",1,2,22,46,1458,1151,-1,0.5,24,307,1.26672458731538
"873",16493,"Germany","Netherlands",2,4,8,11,1609,1598,-2,0.5,3,11,1.00688360450563
"874",16493,"Netherlands","Germany",4,2,11,8,1598,1609,2,2,-3,-11,0.993163455562461
"875",16492,"Slovakia","Croatia",0,4,19,10,1475,1605,-4,0,-9,-130,0.919003115264797
"876",16492,"Croatia","Slovakia",4,0,10,19,1605,1475,4,Inf,9,130,1.08813559322034
"877",16491,"Wales","Azerbaijan",2,1,12,43,1570,1168,1,2,31,402,1.34417808219178
"878",16491,"Azerbaijan","Wales",1,2,43,12,1168,1570,-1,0.5,-31,-402,0.743949044585987
"879",16490,"Slovenia","Poland",2,0,33,14,1369,1549,2,Inf,-19,-180,0.883795997417689
"880",16490,"Poland","Slovenia",0,2,14,33,1549,1369,-2,0,19,180,1.13148283418554
"881",16489,"Austria","Latvia",6,0,15,49,1523,1081,6,Inf,34,442,1.40888066604995
"882",16489,"Latvia","Austria",0,6,49,15,1081,1523,-6,0,-34,-442,0.70978332239002
"883",16488,"San Marino","Belgium",0,4,55,1,804,1783,-4,0,-54,-979,0.450925406618059
"884",16488,"Belgium","San Marino",4,0,1,55,1783,804,4,Inf,54,979,2.21766169154229
"885",16487,"Scotland","Russia",1,2,25,21,1441,1462,-1,0.5,-4,-21,0.985636114911081
"886",16487,"Russia","Scotland",2,1,21,25,1462,1441,1,2,4,21,1.0145732130465
"887",16486,"Estonia","Belarus",1,2,45,38,1161,1276,-1,0.5,-7,-115,0.90987460815047
"888",16486,"Belarus","Estonia",2,1,38,45,1276,1161,1,2,7,115,1.09905254091301
"889",16485,"Cyprus","Kazakhstan",1,1,42,47,1240,1147,0,1,5,93,1.08108108108108
"890",16485,"Kazakhstan","Cyprus",1,1,47,42,1147,1240,0,1,-5,-93,0.925
"891",16483,"Gibraltar","Denmark",0,6,54,7,880,1631,-6,0,-47,-751,0.539546290619252
"892",16483,"Denmark","Gibraltar",6,0,7,54,1631,880,6,Inf,47,751,1.85340909090909
"893",16482,"Romania","Spain",1,2,24,5,1449,1648,-1,0.5,-19,-199,0.879247572815534
"894",16482,"Spain","Romania",2,1,5,24,1648,1449,1,2,19,199,1.13733609385783
"895",16481,"Norway","Malta",2,0,23,51,1452,955,2,Inf,28,497,1.52041884816754
"896",16481,"Malta","Norway",0,2,51,23,955,1452,-2,0,-28,-497,0.65771349862259
"897",16480,"Faroe Islands","Sweden",0,4,44,13,1165,1569,-4,0,-31,-404,0.74251115360102
"898",16480,"Sweden","Faroe Islands",4,0,13,44,1569,1165,4,Inf,31,404,1.34678111587983
"899",16479,"Israel","North Macedonia",1,1,37,32,1283,1374,0,1,-5,-91,0.933770014556041
"900",16479,"North Macedonia","Israel",1,1,32,37,1374,1283,0,1,5,91,1.07092751363991
"901",16477,"Finland","Greece",1,0,30,28,1410,1418,1,Inf,-2,-8,0.994358251057828
"902",16477,"Greece","Finland",0,1,28,30,1418,1410,-1,0,2,8,1.00567375886525
"903",16476,"Northern Ireland","Luxembourg",1,0,27,41,1425,1244,1,Inf,14,181,1.14549839228296
"904",16476,"Luxembourg","Northern Ireland",0,1,41,27,1244,1425,-1,0,-14,-181,0.872982456140351
"905",16475,"Montenegro","Hungary",2,1,34,20,1368,1468,1,2,-14,-100,0.931880108991826
"906",16475,"Hungary","Montenegro",1,2,20,34,1468,1368,-1,0.5,14,100,1.07309941520468
"907",16474,"Armenia","Italy",1,3,39,6,1273,1642,-2,0.333333333333333,-33,-369,0.775274056029233
"908",16474,"Italy","Armenia",3,1,6,39,1642,1273,2,3,33,369,1.28986645718775
"909",16472,"Germany","Estonia",8,0,8,45,1609,1161,8,Inf,37,448,1.38587424633936
"910",16472,"Estonia","Germany",0,8,45,8,1161,1609,-8,0,-37,-448,0.721566190180236
"911",16471,"Belarus","Northern Ireland",0,1,38,27,1276,1425,-1,0,-11,-149,0.895438596491228
"912",16471,"Northern Ireland","Belarus",1,0,27,38,1425,1276,1,Inf,11,149,1.11677115987461
"913",16470,"Hungary","Wales",1,0,20,12,1468,1570,1,Inf,-8,-102,0.935031847133758
"914",16470,"Wales","Hungary",0,1,12,20,1570,1468,-1,0,8,102,1.06948228882834
"915",16469,"Andorra","France",0,4,50,2,1034,1757,-4,0,-48,-723,0.5885031303358
"916",16469,"France","Andorra",4,0,2,50,1757,1034,4,Inf,48,723,1.69922630560928
"917",16468,"Iceland","Turkey",2,1,29,18,1415,1505,1,2,-11,-90,0.940199335548173
"918",16468,"Turkey","Iceland",1,2,18,29,1505,1415,-1,0.5,11,90,1.06360424028269
"919",16467,"Albania","Moldova",2,0,35,52,1362,948,2,Inf,17,414,1.43670886075949
"920",16467,"Moldova","Albania",0,2,52,35,948,1362,-2,0,-17,-414,0.696035242290749
"921",16466,"Belgium","Scotland",3,0,1,25,1783,1441,3,Inf,24,342,1.23733518390007
"922",16466,"Scotland","Belgium",0,3,25,1,1441,1783,-3,0,-24,-342,0.808188446438587
"923",16465,"Russia","Cyprus",1,0,21,42,1462,1240,1,Inf,21,222,1.17903225806452
"924",16465,"Cyprus","Russia",0,1,42,21,1240,1462,-1,0,-21,-222,0.848153214774282
"925",16463,"Greece","Armenia",2,3,28,39,1418,1273,-1,0.666666666666667,11,145,1.11390416339356
"926",16463,"Armenia","Greece",3,2,39,28,1273,1418,1,1.5,-11,-145,0.897743300423131
"927",16462,"Liechtenstein","Finland",0,2,53,30,911,1410,-2,0,-23,-499,0.646099290780142
"928",16462,"Finland","Liechtenstein",2,0,30,53,1410,911,2,Inf,23,499,1.54774972557629
"929",16460,"Azerbaijan","Slovakia",1,5,43,19,1168,1475,-4,0.2,-24,-307,0.791864406779661
"930",16460,"Slovakia","Azerbaijan",5,1,19,43,1475,1168,4,5,24,307,1.26284246575342
"931",16459,"Kazakhstan","San Marino",4,0,47,55,1147,804,4,Inf,8,343,1.42661691542289
"932",16459,"San Marino","Kazakhstan",0,4,55,47,804,1147,-4,0,-8,-343,0.700959023539669
"933",16458,"Czech Republic","Montenegro",3,0,22,34,1458,1368,3,Inf,12,90,1.06578947368421
"934",16458,"Montenegro","Czech Republic",0,3,34,22,1368,1458,-3,0,-12,-90,0.938271604938272
"935",16457,"Bulgaria","Kosovo",2,3,36,46,1339,1151,-1,0.666666666666667,10,188,1.16333622936577
"936",16457,"Kosovo","Bulgaria",3,2,46,36,1151,1339,1,1.5,-10,-188,0.859596713965646
"937",16456,"Ukraine","Luxembourg",1,0,16,41,1514,1244,1,Inf,25,270,1.21704180064309
"938",16456,"Luxembourg","Ukraine",0,1,41,16,1244,1514,-1,0,-25,-270,0.821664464993395
"939",16455,"Serbia","Lithuania",4,1,17,48,1512,1102,3,4,31,410,1.37205081669691
"940",16455,"Lithuania","Serbia",1,4,48,17,1102,1512,-3,0.25,-31,-410,0.728835978835979
"941",16454,"Denmark","Georgia",5,1,7,40,1631,1259,4,5,33,372,1.29547259729944
"942",16454,"Georgia","Denmark",1,5,40,7,1259,1631,-4,0.2,-33,-372,0.771919068056407
"943",16452,"Spain","Sweden",3,0,5,13,1648,1569,3,Inf,8,79,1.05035054174634
"944",16452,"Sweden","Spain",0,3,13,5,1569,1648,-3,0,-8,-79,0.952063106796116
"945",16451,"Malta","Romania",0,4,51,24,955,1449,-4,0,-27,-494,0.659075224292616
"946",16451,"Romania","Malta",4,0,24,51,1449,955,4,Inf,27,494,1.51727748691099
"947",16450,"Faroe Islands","Norway",0,2,44,23,1165,1452,-2,0,-21,-287,0.802341597796143
"948",16450,"Norway","Faroe Islands",2,0,23,44,1452,1165,2,Inf,21,287,1.24635193133047
"949",16449,"Poland","Israel",4,0,14,37,1549,1283,4,Inf,23,266,1.20732657833203
"950",16449,"Israel","Poland",0,4,37,14,1283,1549,-4,0,-23,-266,0.828276307295029
"951",16448,"North Macedonia","Austria",1,4,32,15,1374,1523,-3,0.25,-17,-149,0.902166776099803
"952",16448,"Austria","North Macedonia",4,1,15,32,1523,1374,3,4,17,149,1.10844250363901
"953",16447,"Latvia","Slovenia",0,5,49,33,1081,1369,-5,0,-16,-288,0.789627465303141
"954",16447,"Slovenia","Latvia",5,0,33,49,1369,1081,5,Inf,16,288,1.26641998149861
"955",16446,"Portugal","Netherlands",1,0,4,11,1666,1598,1,Inf,7,68,1.04255319148936
"956",16446,"Netherlands","Portugal",0,1,11,4,1598,1666,-1,0,-7,-68,0.959183673469388
"957",16445,"Switzerland","England",0,0,9,3,1606,1686,0,NA,-6,-80,0.952550415183867
"958",16445,"England","Switzerland",0,0,3,9,1686,1606,0,NA,6,80,1.04981320049813
"959",16444,"Belarus","Germany",0,2,38,8,1276,1609,-2,0,-30,-333,0.793039154754506
"960",16444,"Germany","Belarus",2,0,8,38,1609,1276,2,Inf,30,333,1.26097178683386
"961",16443,"Turkey","France",2,0,18,2,1505,1757,2,Inf,-16,-252,0.856573705179283
"962",16443,"France","Turkey",0,2,2,18,1757,1505,-2,0,16,252,1.16744186046512
"963",16442,"Belgium","Kazakhstan",3,0,1,47,1783,1147,3,Inf,46,636,1.55448997384481
"964",16442,"Kazakhstan","Belgium",0,3,47,1,1147,1783,-3,0,-46,-636,0.643297812675266
"965",16441,"Scotland","Cyprus",2,1,25,42,1441,1240,1,2,17,201,1.16209677419355
"966",16441,"Cyprus","Scotland",1,2,42,25,1240,1441,-1,0.5,-17,-201,0.860513532269257
"967",16440,"Greece","Italy",0,3,28,6,1418,1642,-3,0,-22,-224,0.863580998781973
"968",16440,"Italy","Greece",3,0,6,28,1642,1418,3,Inf,22,224,1.15796897038082
"969",16439,"Estonia","Northern Ireland",1,2,45,27,1161,1425,-1,0.5,-18,-264,0.814736842105263
"970",16439,"Northern Ireland","Estonia",2,1,27,45,1425,1161,1,2,18,264,1.22739018087855
"971",16438,"Azerbaijan","Hungary",1,3,43,20,1168,1468,-2,0.333333333333333,-23,-300,0.795640326975477
"972",16438,"Hungary","Azerbaijan",3,1,20,43,1468,1168,2,3,23,300,1.25684931506849
"973",16437,"Moldova","Andorra",1,0,52,50,948,1034,1,Inf,-2,-86,0.916827852998066
"974",16437,"Andorra","Moldova",0,1,50,52,1034,948,-1,0,2,86,1.09071729957806
"975",16436,"Russia","San Marino",9,0,21,55,1462,804,9,Inf,34,658,1.81840796019901
"976",16436,"San Marino","Russia",0,9,55,21,804,1462,-9,0,-34,-658,0.549931600547196
"977",16434,"Armenia","Liechtenstein",3,0,39,53,1273,911,3,Inf,14,362,1.397365532382
"978",16434,"Liechtenstein","Armenia",0,3,53,39,911,1273,-3,0,-14,-362,0.715632364493323
"979",16433,"Croatia","Wales",2,1,10,12,1605,1570,1,2,2,35,1.02229299363057
"980",16433,"Wales","Croatia",1,2,12,10,1570,1605,-1,0.5,-2,-35,0.978193146417445
"981",16432,"Iceland","Albania",1,0,29,35,1415,1362,1,Inf,6,53,1.03891336270191
"982",16432,"Albania","Iceland",0,1,35,29,1362,1415,-1,0,-6,-53,0.962544169611307
"983",16431,"Czech Republic","Bulgaria",2,1,22,36,1458,1339,1,2,14,119,1.08887229275579
"984",16431,"Bulgaria","Czech Republic",1,2,36,22,1339,1458,-1,0.5,-14,-119,0.91838134430727
"985",16430,"Montenegro","Kosovo",1,1,34,46,1368,1151,0,1,12,217,1.18853171155517
"986",16430,"Kosovo","Montenegro",1,1,46,34,1151,1368,0,1,-12,-217,0.841374269005848
"987",16429,"Ukraine","Serbia",5,0,16,17,1514,1512,5,Inf,1,2,1.00132275132275
"988",16429,"Serbia","Ukraine",0,5,17,16,1512,1514,-5,0,-1,-2,0.998678996036988
"989",16428,"Lithuania","Luxembourg",1,1,48,41,1102,1244,0,1,-7,-142,0.885852090032154
"990",16428,"Luxembourg","Lithuania",1,1,41,48,1244,1102,0,1,7,142,1.12885662431942
"991",16426,"Faroe Islands","Spain",1,4,44,5,1165,1648,-3,0.25,-39,-483,0.706917475728155
"992",16426,"Spain","Faroe Islands",4,1,5,44,1648,1165,3,4,39,483,1.41459227467811
"993",16425,"Sweden","Malta",3,0,13,51,1569,955,3,Inf,38,614,1.64293193717277
"994",16425,"Malta","Sweden",0,3,51,13,955,1569,-3,0,-38,-614,0.608667941363926
"995",16424,"Norway","Romania",2,2,23,24,1452,1449,0,1,1,3,1.00207039337474
"996",16424,"Romania","Norway",2,2,24,23,1449,1452,0,1,-1,-3,0.997933884297521
"997",16423,"North Macedonia","Poland",0,1,32,14,1374,1549,-1,0,-18,-175,0.887023886378309
"998",16423,"Poland","North Macedonia",1,0,14,32,1549,1374,1,Inf,18,175,1.127365356623
"999",16422,"Austria","Slovenia",1,0,15,33,1523,1369,1,Inf,18,154,1.11249086924763
"1000",16422,"Slovenia","Austria",0,1,33,15,1369,1523,-1,0,-18,-154,0.898883782009192
"1001",16421,"Latvia","Israel",0,3,49,37,1081,1283,-3,0,-12,-202,0.842556508183944
"1002",16421,"Israel","Latvia",3,0,37,49,1283,1081,3,Inf,12,202,1.18686401480111
"1003",16419,"Georgia","Gibraltar",3,0,40,54,1259,880,3,Inf,14,379,1.43068181818182
"1004",16419,"Gibraltar","Georgia",0,3,54,40,880,1259,-3,0,-14,-379,0.698967434471803
"1005",16418,"Netherlands","England",3,1,11,3,1598,1686,2,3,-8,-88,0.947805456702254
"1006",16418,"England","Netherlands",1,3,3,11,1686,1598,-2,0.333333333333333,8,88,1.05506883604506
"1007",16417,"Portugal","Switzerland",3,1,4,9,1666,1606,2,3,5,60,1.0373599003736
"1008",16417,"Switzerland","Portugal",1,3,9,4,1606,1666,-2,0.333333333333333,-5,-60,0.963985594237695
"1009",16413,"Turkey","Greece",2,1,18,28,1505,1418,1,2,10,87,1.06135401974612
"1010",16413,"Greece","Turkey",1,2,28,18,1418,1505,-1,0.5,-10,-87,0.9421926910299
"1011",16412,"Switzerland","Denmark",3,3,9,7,1606,1631,0,1,-2,-25,0.984671980380135
"1012",16412,"Denmark","Switzerland",3,3,7,9,1631,1606,0,1,2,25,1.01556662515567
"1013",16410,"Malta","Spain",0,2,51,5,955,1648,-2,0,-46,-693,0.579490291262136
"1014",16410,"Spain","Malta",2,0,5,51,1648,955,2,Inf,46,693,1.72565445026178
"1015",16409,"Norway","Sweden",3,3,23,13,1452,1569,0,1,-10,-117,0.925430210325048
"1016",16409,"Sweden","Norway",3,3,13,23,1569,1452,0,1,10,117,1.08057851239669
"1017",16408,"Romania","Faroe Islands",4,1,24,44,1449,1165,3,4,20,284,1.24377682403433
"1018",16408,"Faroe Islands","Romania",1,4,44,24,1165,1449,-3,0.25,-20,-284,0.8040027605245
"1019",16407,"Italy","Liechtenstein",6,0,6,53,1642,911,6,Inf,47,731,1.80241492864984
"1020",16407,"Liechtenstein","Italy",0,6,53,6,911,1642,-6,0,-47,-731,0.554811205846529
"1021",16405,"Gibraltar","Estonia",0,1,54,45,880,1161,-1,0,-9,-281,0.757967269595177
"1022",16405,"Estonia","Gibraltar",1,0,45,54,1161,880,1,Inf,9,281,1.31931818181818
"1023",16403,"Armenia","Finland",0,2,39,30,1273,1410,-2,0,-9,-137,0.902836879432624
"1024",16403,"Finland","Armenia",2,0,30,39,1410,1273,2,Inf,9,137,1.10761979575805
"1025",16402,"Montenegro","England",1,5,34,3,1368,1686,-4,0.2,-31,-318,0.811387900355872
"1026",16402,"England","Montenegro",5,1,3,34,1686,1368,4,5,31,318,1.23245614035088
"1027",16401,"Kosovo","Bulgaria",1,1,46,36,1151,1339,0,1,-10,-188,0.859596713965646
"1028",16401,"Bulgaria","Kosovo",1,1,36,46,1339,1151,0,1,10,188,1.16333622936577
"1029",16400,"Portugal","Serbia",1,1,4,17,1666,1512,0,1,13,154,1.10185185185185
"1030",16400,"Serbia","Portugal",1,1,17,4,1512,1666,0,1,-13,-154,0.907563025210084
"1031",16399,"Luxembourg","Ukraine",1,2,41,16,1244,1514,-1,0.5,-25,-270,0.821664464993395
"1032",16399,"Ukraine","Luxembourg",2,1,16,41,1514,1244,1,2,25,270,1.21704180064309
"1033",16398,"France","Iceland",4,0,2,29,1757,1415,4,Inf,27,342,1.24169611307421
"1034",16398,"Iceland","France",0,4,29,2,1415,1757,-4,0,-27,-342,0.805350028457598
"1035",16397,"Andorra","Albania",0,3,50,35,1034,1362,-3,0,-15,-328,0.759177679882526
"1036",16397,"Albania","Andorra",3,0,35,50,1362,1034,3,Inf,15,328,1.31721470019342
"1037",16396,"Turkey","Moldova",4,0,18,52,1505,948,4,Inf,34,557,1.58755274261603
"1038",16396,"Moldova","Turkey",0,4,52,18,948,1505,-4,0,-34,-557,0.629900332225914
"1039",16395,"Azerbaijan","Lithuania",0,0,43,48,1168,1102,0,NA,5,66,1.05989110707804
"1040",16395,"Lithuania","Azerbaijan",0,0,48,43,1102,1168,0,NA,-5,-66,0.943493150684932
"1041",16394,"Netherlands","Germany",2,3,11,8,1598,1609,-1,0.666666666666667,-3,-11,0.993163455562461
"1042",16394,"Germany","Netherlands",3,2,8,11,1609,1598,1,1.5,3,11,1.00688360450563
"1043",16393,"Northern Ireland","Belarus",2,1,27,38,1425,1276,1,2,11,149,1.11677115987461
"1044",16393,"Belarus","Northern Ireland",1,2,38,27,1276,1425,-1,0.5,-11,-149,0.895438596491228
"1045",16392,"Poland","Latvia",2,0,14,49,1549,1081,2,Inf,35,468,1.43293246993525
"1046",16392,"Latvia","Poland",0,2,49,14,1081,1549,-2,0,-35,-468,0.697869593285991
"1047",16391,"Slovenia","North Macedonia",1,1,33,32,1369,1374,0,1,-1,-5,0.996360989810771
"1048",16391,"North Macedonia","Slovenia",1,1,32,33,1374,1369,0,1,1,5,1.0036523009496
"1049",16390,"Cyprus","Belgium",0,2,42,1,1240,1783,-2,0,-41,-543,0.695457094784072
"1050",16390,"Belgium","Cyprus",2,0,1,42,1783,1240,2,Inf,41,543,1.43790322580645
"1051",16389,"Hungary","Croatia",2,1,20,10,1468,1605,1,2,-10,-137,0.914641744548287
"1052",16389,"Croatia","Hungary",1,2,10,20,1605,1468,-1,0.5,10,137,1.0933242506812
"1053",16388,"San Marino","Scotland",0,2,55,25,804,1441,-2,0,-30,-637,0.55794587092297
"1054",16388,"Scotland","San Marino",2,0,25,55,1441,804,2,Inf,30,637,1.79228855721393
"1055",16387,"Israel","Austria",4,2,37,15,1283,1523,2,2,-22,-240,0.842416283650689
"1056",16387,"Austria","Israel",2,4,15,37,1523,1283,-2,0.5,22,240,1.18706157443492
"1057",16386,"Wales","Slovakia",1,0,12,19,1570,1475,1,Inf,7,95,1.06440677966102
"1058",16386,"Slovakia","Wales",0,1,19,12,1475,1570,-1,0,-7,-95,0.939490445859873
"1059",16385,"Kazakhstan","Russia",0,4,47,21,1147,1462,-4,0,-26,-315,0.784541723666211
"1060",16385,"Russia","Kazakhstan",4,0,21,47,1462,1147,4,Inf,26,315,1.27462946817786
"1061",16384,"Spain","Norway",2,1,5,23,1648,1452,1,2,18,196,1.13498622589532
"1062",16384,"Norway","Spain",1,2,23,5,1452,1648,-1,0.5,-18,-196,0.881067961165049
"1063",16383,"Italy","Finland",2,0,6,30,1642,1410,2,Inf,24,232,1.1645390070922
"1064",16383,"Finland","Italy",0,2,30,6,1410,1642,-2,0,-24,-232,0.858708891595615
"1065",16381,"Liechtenstein","Greece",0,2,53,28,911,1418,-2,0,-25,-507,0.642454160789845
"1066",16381,"Greece","Liechtenstein",2,0,28,53,1418,911,2,Inf,25,507,1.55653128430296
"1067",16379,"Malta","Faroe Islands",2,1,51,44,955,1165,1,2,-7,-210,0.819742489270386
"1068",16379,"Faroe Islands","Malta",1,2,44,51,1165,955,-1,0.5,7,210,1.21989528795812
"1069",16378,"Sweden","Romania",2,1,13,24,1569,1449,1,2,11,120,1.08281573498965
"1070",16378,"Romania","Sweden",1,2,24,13,1449,1569,-1,0.5,-11,-120,0.923518164435946
"1071",16377,"Georgia","Switzerland",0,2,40,9,1259,1606,-2,0,-31,-347,0.783935242839352
"1072",16377,"Switzerland","Georgia",2,0,9,40,1606,1259,2,Inf,31,347,1.27561556791104
"1073",16376,"England","Czech Republic",5,0,3,22,1686,1458,5,Inf,19,228,1.15637860082305
"1074",16376,"Czech Republic","England",0,5,22,3,1458,1686,-5,0,-19,-228,0.864768683274021
"1075",16375,"Portugal","Ukraine",0,0,4,16,1666,1514,0,NA,12,152,1.1003963011889
"1076",16375,"Ukraine","Portugal",0,0,16,4,1514,1666,0,NA,-12,-152,0.908763505402161
"1077",16374,"Luxembourg","Lithuania",2,1,41,48,1244,1102,1,2,7,142,1.12885662431942
"1078",16374,"Lithuania","Luxembourg",1,2,48,41,1102,1244,-1,0.5,-7,-142,0.885852090032154
"1079",16373,"Moldova","France",1,4,52,2,948,1757,-3,0.25,-50,-809,0.539556061468412
"1080",16373,"France","Moldova",4,1,2,52,1757,948,3,4,50,809,1.85337552742616
"1081",16372,"Andorra","Iceland",0,2,50,29,1034,1415,-2,0,-21,-381,0.730742049469965
"1082",16372,"Iceland","Andorra",2,0,29,50,1415,1034,2,Inf,21,381,1.36847195357834
"1083",16371,"Albania","Turkey",0,2,35,18,1362,1505,-2,0,-17,-143,0.904983388704319
"1084",16371,"Turkey","Albania",2,0,18,35,1505,1362,2,Inf,17,143,1.10499265785609
"1085",16370,"Bulgaria","Montenegro",1,1,36,34,1339,1368,0,1,-2,-29,0.978801169590643
"1086",16370,"Montenegro","Bulgaria",1,1,34,36,1368,1339,0,1,2,29,1.02165795369679
"1087",16369,"Netherlands","Belarus",4,0,11,38,1598,1276,4,Inf,27,322,1.25235109717868
"1088",16369,"Belarus","Netherlands",0,4,38,11,1276,1598,-4,0,-27,-322,0.798498122653317
"1089",16368,"Northern Ireland","Estonia",2,0,27,45,1425,1161,2,Inf,18,264,1.22739018087855
"1090",16368,"Estonia","Northern Ireland",0,2,45,27,1161,1425,-2,0,-18,-264,0.814736842105263
"1091",16367,"Croatia","Azerbaijan",2,1,10,43,1605,1168,1,2,33,437,1.37414383561644
"1092",16367,"Azerbaijan","Croatia",1,2,43,10,1168,1605,-1,0.5,-33,-437,0.727725856697819
"1093",16366,"Slovakia","Hungary",2,0,19,20,1475,1468,2,Inf,1,7,1.00476839237057
"1094",16366,"Hungary","Slovakia",0,2,20,19,1468,1475,-2,0,-1,-7,0.995254237288136
"1095",16365,"Austria","Poland",0,1,15,14,1523,1549,-1,0,-1,-26,0.983214977404777
"1096",16365,"Poland","Austria",1,0,14,15,1549,1523,1,Inf,1,26,1.01707156927118
"1097",16364,"North Macedonia","Latvia",3,1,32,49,1374,1081,2,3,17,293,1.27104532839963
"1098",16364,"Latvia","North Macedonia",1,3,49,32,1081,1374,-2,0.333333333333333,-17,-293,0.786754002911208
"1099",16363,"Israel","Slovenia",1,1,37,33,1283,1369,0,1,-4,-86,0.93718042366691
"1100",16363,"Slovenia","Israel",1,1,33,37,1369,1283,0,1,4,86,1.06703039750585
"1101",16362,"Belgium","Russia",3,1,1,21,1783,1462,2,3,20,321,1.21956224350205
"1102",16362,"Russia","Belgium",1,3,21,1,1462,1783,-2,0.333333333333333,-20,-321,0.819966348850252
"1103",16361,"Kosovo","Denmark",2,2,46,7,1151,1631,0,1,-39,-480,0.70570202329859
"1104",16361,"Denmark","Kosovo",2,2,7,46,1631,1151,0,1,39,480,1.41702867072111
"1105",16360,"Cyprus","San Marino",5,0,42,55,1240,804,5,Inf,13,436,1.54228855721393
"1106",16360,"San Marino","Cyprus",0,5,55,42,804,1240,-5,0,-13,-436,0.648387096774194
"1107",16359,"Kazakhstan","Scotland",3,0,47,25,1147,1441,3,Inf,-22,-294,0.795975017349063
"1108",16359,"Scotland","Kazakhstan",0,3,25,47,1441,1147,-3,0,22,294,1.256320836966
"1109",16357,"Germany","Serbia",1,1,8,17,1609,1512,0,1,9,97,1.06415343915344
"1110",16357,"Serbia","Germany",1,1,17,8,1512,1609,0,1,-9,-97,0.939714108141703
"1111",16356,"Kazakhstan","Moldova",1,0,47,52,1147,948,1,Inf,5,199,1.20991561181435
"1112",16356,"Moldova","Kazakhstan",0,1,52,47,948,1147,-1,0,-5,-199,0.826503923278117
"1113",16355,"Estonia","Iceland",0,0,45,29,1161,1415,0,NA,-16,-254,0.820494699646643
"1114",16355,"Iceland","Estonia",0,0,29,45,1415,1161,0,NA,16,254,1.21877691645134
"1115",16354,"Iceland","Sweden",2,2,29,13,1415,1569,0,1,-16,-154,0.901848311026131
"1116",16354,"Sweden","Iceland",2,2,13,29,1569,1415,0,1,16,154,1.10883392226148
"1117",16353,"Estonia","Finland",2,1,45,30,1161,1410,1,2,-15,-249,0.823404255319149
"1118",16353,"Finland","Estonia",1,2,30,45,1410,1161,-1,0.5,15,249,1.21447028423773
"1119",16352,"Finland","Sweden",1,0,30,13,1410,1569,1,Inf,-17,-159,0.898661567877629
"1120",16352,"Sweden","Finland",0,1,13,30,1569,1410,-1,0,17,159,1.11276595744681
"1121",16350,"Portugal","Poland",1,1,4,14,1666,1549,0,1,10,117,1.0755326016785
"1122",16350,"Poland","Portugal",1,1,14,4,1549,1666,0,1,-10,-117,0.929771908763505
"1123",16349,"Serbia","Lithuania",4,1,17,48,1512,1102,3,4,31,410,1.37205081669691
"1124",16349,"Lithuania","Serbia",1,4,48,17,1102,1512,-3,0.25,-31,-410,0.728835978835979
"1125",16348,"Montenegro","Romania",0,1,34,24,1368,1449,-1,0,-10,-81,0.944099378881988
"1126",16348,"Romania","Montenegro",1,0,24,34,1449,1368,1,Inf,10,81,1.05921052631579
"1127",16347,"Sweden","Russia",2,0,13,21,1569,1462,2,Inf,8,107,1.07318741450068
"1128",16347,"Russia","Sweden",0,2,21,13,1462,1569,-2,0,-8,-107,0.931803696622052
"1129",16346,"Scotland","Israel",3,2,25,37,1441,1283,1,1.5,12,158,1.12314886983632
"1130",16346,"Israel","Scotland",2,3,37,25,1283,1441,-1,0.666666666666667,-12,-158,0.890353920888272
"1131",16345,"Kosovo","Azerbaijan",4,0,46,43,1151,1168,4,Inf,-3,-17,0.985445205479452
"1132",16345,"Azerbaijan","Kosovo",0,4,43,46,1168,1151,-4,0,3,17,1.01476976542137
"1133",16344,"Malta","Faroe Islands",1,1,51,44,955,1165,0,1,-7,-210,0.819742489270386
"1134",16344,"Faroe Islands","Malta",1,1,44,51,1165,955,0,1,7,210,1.21989528795812
"1135",16342,"Albania","Wales",1,0,35,12,1362,1570,1,Inf,-23,-208,0.867515923566879
"1136",16342,"Wales","Albania",0,1,12,35,1570,1362,-1,0,23,208,1.15271659324523
"1137",16341,"Turkey","Ukraine",0,0,18,16,1505,1514,0,NA,-2,-9,0.994055482166446
"1138",16341,"Ukraine","Turkey",0,0,16,18,1514,1505,0,NA,2,9,1.00598006644518
"1139",16340,"Germany","Netherlands",2,2,8,11,1609,1598,0,1,3,11,1.00688360450563
"1140",16340,"Netherlands","Germany",2,2,11,8,1598,1609,0,1,-3,-11,0.993163455562461
"1141",16339,"Czech Republic","Slovakia",1,0,22,19,1458,1475,1,Inf,-3,-17,0.988474576271186
"1142",16339,"Slovakia","Czech Republic",0,1,19,22,1475,1458,-1,0,3,17,1.0116598079561
"1143",16337,"Cyprus","Norway",0,2,42,23,1240,1452,-2,0,-19,-212,0.853994490358127
"1144",16337,"Norway","Cyprus",2,0,23,42,1452,1240,2,Inf,19,212,1.17096774193548
"1145",16336,"Bulgaria","Slovenia",1,1,36,33,1339,1369,0,1,-3,-30,0.978086194302411
"1146",16336,"Slovenia","Bulgaria",1,1,33,36,1369,1339,0,1,3,30,1.02240477968633
"1147",16335,"Liechtenstein","Armenia",2,2,53,39,911,1273,0,1,-14,-362,0.715632364493323
"1148",16335,"Armenia","Liechtenstein",2,2,39,53,1273,911,0,1,14,362,1.397365532382
"1149",16332,"Georgia","Kazakhstan",2,1,40,47,1259,1147,1,2,7,112,1.0976460331299
"1150",16332,"Kazakhstan","Georgia",1,2,47,40,1147,1259,-1,0.5,-7,-112,0.911040508339952
"1151",16331,"Andorra","Latvia",0,0,50,49,1034,1081,0,NA,-1,-47,0.956521739130435
"1152",16331,"Latvia","Andorra",0,0,49,50,1081,1034,0,NA,1,47,1.04545454545455
"1153",16330,"Switzerland","Belgium",5,2,9,1,1606,1783,3,2.5,-8,-177,0.900729108244532
"1154",16330,"Belgium","Switzerland",2,5,1,9,1783,1606,-3,0.4,8,177,1.11021170610212
"1155",16329,"Hungary","Finland",2,0,20,30,1468,1410,2,Inf,10,58,1.04113475177305
"1156",16329,"Finland","Hungary",0,2,30,20,1410,1468,-2,0,-10,-58,0.960490463215259
"1157",16328,"Greece","Estonia",0,1,28,45,1418,1161,-1,0,17,257,1.2213608957795
"1158",16328,"Estonia","Greece",1,0,45,28,1161,1418,1,Inf,-17,-257,0.818758815232722
"1159",16326,"Northern Ireland","Austria",1,2,27,15,1425,1523,-1,0.5,-12,-98,0.935653315824032
"1160",16326,"Austria","Northern Ireland",2,1,15,27,1523,1425,1,2,12,98,1.06877192982456
"1161",16325,"San Marino","Belarus",0,2,55,38,804,1276,-2,0,-17,-472,0.630094043887147
"1162",16325,"Belarus","San Marino",2,0,38,55,1276,804,2,Inf,17,472,1.58706467661692
"1163",16324,"Moldova","Luxembourg",1,1,52,41,948,1244,0,1,-11,-296,0.762057877813505
"1164",16324,"Luxembourg","Moldova",1,1,41,52,1244,948,0,1,11,296,1.31223628691983
"1165",16323,"England","Croatia",2,1,3,10,1686,1605,1,2,7,81,1.05046728971963
"1166",16323,"Croatia","England",1,2,10,3,1605,1686,-1,0.5,-7,-81,0.951957295373665
"1167",16322,"Romania","Lithuania",3,0,24,48,1449,1102,3,Inf,24,347,1.31488203266788
"1168",16322,"Lithuania","Romania",0,3,48,24,1102,1449,-3,0,-24,-347,0.760524499654934
"1169",16321,"Italy","Portugal",0,0,6,4,1642,1666,0,NA,-2,-24,0.985594237695078
"1170",16321,"Portugal","Italy",0,0,4,6,1666,1642,0,NA,2,24,1.01461632155907
"1171",16320,"Albania","Scotland",0,4,35,25,1362,1441,-4,0,-10,-79,0.945176960444136
"1172",16320,"Scotland","Albania",4,0,25,35,1441,1362,4,Inf,10,79,1.05800293685756
"1173",16319,"Turkey","Sweden",0,1,18,13,1505,1569,-1,0,-5,-64,0.959209687699171
"1174",16319,"Sweden","Turkey",1,0,13,18,1569,1505,1,Inf,5,64,1.04252491694352
"1175",16318,"Azerbaijan","Faroe Islands",2,0,43,44,1168,1165,2,Inf,1,3,1.00257510729614
"1176",16318,"Faroe Islands","Azerbaijan",0,2,44,43,1165,1168,-2,0,-1,-3,0.997431506849315
"1177",16317,"Malta","Kosovo",0,5,51,46,955,1151,-5,0,-5,-196,0.829713292788879
"1178",16317,"Kosovo","Malta",5,0,46,51,1151,955,5,Inf,5,196,1.20523560209424
"1179",16316,"Serbia","Montenegro",2,1,17,34,1512,1368,1,2,17,144,1.10526315789474
"1180",16316,"Montenegro","Serbia",1,2,34,17,1368,1512,-1,0.5,-17,-144,0.904761904761905
"1181",16315,"Slovakia","Ukraine",4,1,19,16,1475,1514,3,4,-3,-39,0.974240422721268
"1182",16315,"Ukraine","Slovakia",1,4,16,19,1514,1475,-3,0.25,3,39,1.0264406779661
"1183",16314,"Netherlands","France",2,0,11,2,1598,1757,2,Inf,-9,-159,0.90950483779169
"1184",16314,"France","Netherlands",0,2,2,11,1757,1598,-2,0,9,159,1.09949937421777
"1185",16313,"Wales","Denmark",1,2,12,7,1570,1631,-1,0.5,-5,-61,0.962599632127529
"1186",16313,"Denmark","Wales",2,1,7,12,1631,1570,1,2,5,61,1.03885350318471
"1187",16312,"Cyprus","Bulgaria",1,1,42,36,1240,1339,0,1,-6,-99,0.926064227035101
"1188",16312,"Bulgaria","Cyprus",1,1,36,42,1339,1240,0,1,6,99,1.07983870967742
"1189",16311,"Slovenia","Norway",1,1,33,23,1369,1452,0,1,-10,-83,0.942837465564738
"1190",16311,"Norway","Slovenia",1,1,23,33,1452,1369,0,1,10,83,1.06062819576333
"1191",16309,"Gibraltar","Armenia",2,6,54,39,880,1273,-4,0.333333333333333,-15,-393,0.691280439905735
"1192",16309,"Armenia","Gibraltar",6,2,39,54,1273,880,4,3,15,393,1.44659090909091
"1193",16307,"Belgium","Iceland",2,0,1,29,1783,1415,2,Inf,28,368,1.26007067137809
"1194",16307,"Iceland","Belgium",0,2,29,1,1415,1783,-2,0,-28,-368,0.793606281547953
"1195",16306,"Croatia","Spain",3,2,10,5,1605,1648,1,1.5,-5,-43,0.973907766990291
"1196",16306,"Spain","Croatia",2,3,5,10,1648,1605,-1,0.666666666666667,5,43,1.02679127725857
"1197",16304,"Greece","Finland",1,0,28,30,1418,1410,1,Inf,2,8,1.00567375886525
"1198",16304,"Finland","Greece",0,1,30,28,1410,1418,-1,0,-2,-8,0.994358251057828
"1199",16303,"Hungary","Estonia",2,0,20,45,1468,1161,2,Inf,25,307,1.26442721791559
"1200",16303,"Estonia","Hungary",0,2,45,20,1161,1468,-2,0,-25,-307,0.790871934604905
"1201",16302,"San Marino","Moldova",0,1,55,52,804,948,-1,0,-3,-144,0.848101265822785
"1202",16302,"Moldova","San Marino",1,0,52,55,948,804,1,Inf,3,144,1.17910447761194
"1203",16301,"Luxembourg","Belarus",0,2,41,38,1244,1276,-2,0,-3,-32,0.974921630094044
"1204",16301,"Belarus","Luxembourg",2,0,38,41,1276,1244,2,Inf,3,32,1.02572347266881
"1205",16300,"Andorra","Georgia",1,1,50,40,1034,1259,0,1,-10,-225,0.821286735504369
"1206",16300,"Georgia","Andorra",1,1,40,50,1259,1034,0,1,10,225,1.21760154738878
"1207",16298,"Germany","Russia",3,0,8,21,1609,1462,3,Inf,13,147,1.10054719562244
"1208",16298,"Russia","Germany",0,3,21,8,1462,1609,-3,0,-13,-147,0.90863890615289
"1209",16296,"Poland","Czech Republic",0,1,14,22,1549,1458,-1,0,8,91,1.06241426611797
"1210",16296,"Czech Republic","Poland",1,0,22,14,1458,1549,1,Inf,-8,-91,0.94125242091672
"1211",16295,"Kazakhstan","Latvia",1,1,47,49,1147,1081,0,1,2,66,1.06105457909343
"1212",16295,"Latvia","Kazakhstan",1,1,49,47,1081,1147,0,1,-2,-66,0.942458587619878
"1213",16293,"Ukraine","Czech Republic",1,0,16,22,1514,1458,1,Inf,6,56,1.03840877914952
"1214",16293,"Czech Republic","Ukraine",0,1,22,16,1458,1514,-1,0,-6,-56,0.963011889035667
"1215",16292,"France","Germany",2,1,2,8,1757,1609,1,2,6,148,1.09198259788689
"1216",16292,"Germany","France",1,2,8,2,1609,1757,-1,0.5,-6,-148,0.915765509391007
"1217",16290,"Norway","Bulgaria",1,0,23,36,1452,1339,1,Inf,13,113,1.08439133681852
"1218",16290,"Bulgaria","Norway",0,1,36,23,1339,1452,-1,0,-13,-113,0.922176308539945
"1219",16289,"Slovenia","Cyprus",1,1,33,42,1369,1240,0,1,9,129,1.10403225806452
"1220",16289,"Cyprus","Slovenia",1,1,42,33,1240,1369,0,1,-9,-129,0.905770635500365
"1221",16288,"Latvia","Georgia",0,3,49,40,1081,1259,-3,0,-9,-178,0.858617950754567
"1222",16288,"Georgia","Latvia",3,0,40,49,1259,1081,3,Inf,9,178,1.16466234967623
"1223",16287,"Gibraltar","Liechtenstein",2,1,54,53,880,911,1,2,-1,-31,0.965971459934138
"1224",16287,"Liechtenstein","Gibraltar",1,2,53,54,911,880,-1,0.5,1,31,1.03522727272727
"1225",16286,"Sweden","Slovakia",1,1,13,19,1569,1475,0,1,6,94,1.06372881355932
"1226",16286,"Slovakia","Sweden",1,1,19,13,1475,1569,0,1,-6,-94,0.940089228808158
"1227",16285,"Denmark","Austria",2,0,7,15,1631,1523,2,Inf,8,108,1.07091267235719
"1228",16285,"Austria","Denmark",0,2,15,7,1523,1631,-2,0,-8,-108,0.933782955242183
"1229",16284,"Belgium","Netherlands",1,1,1,11,1783,1598,0,1,10,185,1.11576971214018
"1230",16284,"Netherlands","Belgium",1,1,11,1,1598,1783,0,1,-10,-185,0.896242288278183
"1231",16282,"Kazakhstan","Andorra",4,0,47,50,1147,1034,4,Inf,3,113,1.10928433268859
"1232",16282,"Andorra","Kazakhstan",0,4,50,47,1034,1147,-4,0,-3,-113,0.901482127288579
"1233",16281,"Iceland","Switzerland",1,2,29,9,1415,1606,-1,0.5,-20,-191,0.88107098381071
"1234",16281,"Switzerland","Iceland",2,1,9,29,1606,1415,1,2,20,191,1.13498233215548
"1235",16280,"Spain","England",2,3,5,3,1648,1686,-1,0.666666666666667,-2,-38,0.977461447212337
"1236",16280,"England","Spain",3,2,3,5,1686,1648,1,1.5,2,38,1.02305825242718
"1237",16278,"Estonia","Hungary",3,3,45,20,1161,1468,0,1,-25,-307,0.790871934604905
"1238",16278,"Hungary","Estonia",3,3,20,45,1468,1161,0,1,25,307,1.26442721791559
"1239",16277,"Finland","Greece",2,0,30,28,1410,1418,2,Inf,-2,-8,0.994358251057828
"1240",16277,"Greece","Finland",0,2,28,30,1418,1410,-2,0,2,8,1.00567375886525
"1241",16276,"Belarus","Moldova",0,0,38,52,1276,948,0,NA,14,328,1.34599156118143
"1242",16276,"Moldova","Belarus",0,0,52,38,948,1276,0,NA,-14,-328,0.74294670846395
"1243",16275,"Luxembourg","San Marino",3,0,41,55,1244,804,3,Inf,14,440,1.54726368159204
"1244",16275,"San Marino","Luxembourg",0,3,55,41,804,1244,-3,0,-14,-440,0.646302250803859
"1245",16273,"Poland","Italy",0,1,14,6,1549,1642,-1,0,-8,-93,0.943361753958587
"1246",16273,"Italy","Poland",1,0,6,14,1642,1549,1,Inf,8,93,1.06003873466753
"1247",16272,"Lithuania","Montenegro",1,4,48,34,1102,1368,-3,0.25,-14,-266,0.805555555555556
"1248",16272,"Montenegro","Lithuania",4,1,34,48,1368,1102,3,4,14,266,1.24137931034483
"1249",16271,"Israel","Albania",2,0,37,35,1283,1362,2,Inf,-2,-79,0.941997063142438
"1250",16271,"Albania","Israel",0,2,35,37,1362,1283,-2,0,2,79,1.06157443491816
"1251",16270,"Russia","Turkey",2,0,21,18,1462,1505,2,Inf,-3,-43,0.971428571428571
"1252",16270,"Turkey","Russia",0,2,18,21,1505,1462,-2,0,3,43,1.02941176470588
"1253",16269,"Azerbaijan","Malta",1,1,43,51,1168,955,0,1,8,213,1.22303664921466
"1254",16269,"Malta","Azerbaijan",1,1,51,43,955,1168,0,1,-8,-213,0.81763698630137
"1255",16268,"Faroe Islands","Kosovo",1,1,44,46,1165,1151,0,1,2,14,1.01216333622937
"1256",16268,"Kosovo","Faroe Islands",1,1,46,44,1151,1165,0,1,-2,-14,0.987982832618026
"1257",16267,"Scotland","Portugal",1,3,25,4,1441,1666,-2,0.333333333333333,-21,-225,0.864945978391357
"1258",16267,"Portugal","Scotland",3,1,4,25,1666,1441,2,3,21,225,1.15614156835531
"1259",16266,"Romania","Serbia",0,0,24,17,1449,1512,0,NA,-7,-63,0.958333333333333
"1260",16266,"Serbia","Romania",0,0,17,24,1512,1449,0,NA,7,63,1.04347826086957
"1261",16265,"Netherlands","Germany",3,0,11,8,1598,1609,3,Inf,-3,-11,0.993163455562461
"1262",16265,"Germany","Netherlands",0,3,8,11,1609,1598,-3,0,3,11,1.00688360450563
"1263",16263,"Bulgaria","Cyprus",2,1,36,42,1339,1240,1,2,6,99,1.07983870967742
"1264",16263,"Cyprus","Bulgaria",1,2,42,36,1240,1339,-1,0.5,-6,-99,0.926064227035101
"1265",16261,"Latvia","Kazakhstan",1,1,49,47,1081,1147,0,1,-2,-66,0.942458587619878
"1266",16261,"Kazakhstan","Latvia",1,1,47,49,1147,1081,0,1,2,66,1.06105457909343
"1267",16260,"Norway","Slovenia",1,0,23,33,1452,1369,1,Inf,10,83,1.06062819576333
"1268",16260,"Slovenia","Norway",0,1,33,23,1369,1452,-1,0,-10,-83,0.942837465564738
"1269",16259,"Georgia","Andorra",3,0,40,50,1259,1034,3,Inf,10,225,1.21760154738878
"1270",16259,"Andorra","Georgia",0,3,50,40,1034,1259,-3,0,-10,-225,0.821286735504369
"1271",16258,"Armenia","Gibraltar",0,1,39,54,1273,880,-1,0,15,393,1.44659090909091
"1272",16258,"Gibraltar","Armenia",1,0,54,39,880,1273,1,Inf,-15,-393,0.691280439905735
"1273",16257,"Slovakia","Czech Republic",1,2,19,22,1475,1458,-1,0.5,3,17,1.0116598079561
"1274",16257,"Czech Republic","Slovakia",2,1,22,19,1458,1475,1,2,-3,-17,0.988474576271186
"1275",16256,"Belgium","Switzerland",2,1,1,9,1783,1606,1,2,8,177,1.11021170610212
"1276",16256,"Switzerland","Belgium",1,2,9,1,1606,1783,-1,0.5,-8,-177,0.900729108244532
"1277",16255,"Croatia","England",0,0,10,3,1605,1686,0,NA,-7,-81,0.951957295373665
"1278",16255,"England","Croatia",0,0,3,10,1686,1605,0,NA,7,81,1.05046728971963
"1279",16254,"Austria","Northern Ireland",1,0,15,27,1523,1425,1,Inf,12,98,1.06877192982456
"1280",16254,"Northern Ireland","Austria",0,1,27,15,1425,1523,-1,0,-12,-98,0.935653315824032
"1281",16253,"Greece","Hungary",1,0,28,20,1418,1468,1,Inf,-8,-50,0.965940054495913
"1282",16253,"Hungary","Greece",0,1,20,28,1468,1418,-1,0,8,50,1.03526093088858
"1283",16252,"Estonia","Finland",0,1,45,30,1161,1410,-1,0,-15,-249,0.823404255319149
"1284",16252,"Finland","Estonia",1,0,30,45,1410,1161,1,Inf,15,249,1.21447028423773
"1285",16251,"Belarus","Luxembourg",1,0,38,41,1276,1244,1,Inf,3,32,1.02572347266881
"1286",16251,"Luxembourg","Belarus",0,1,41,38,1244,1276,-1,0,-3,-32,0.974921630094044
"1287",16250,"Moldova","San Marino",2,0,52,55,948,804,2,Inf,3,144,1.17910447761194
"1288",16250,"San Marino","Moldova",0,2,55,52,804,948,-2,0,-3,-144,0.848101265822785
"1289",16249,"Russia","Sweden",0,0,21,13,1462,1569,0,NA,-8,-107,0.931803696622052
"1290",16249,"Sweden","Russia",0,0,13,21,1569,1462,0,NA,8,107,1.07318741450068
"1291",16248,"France","Iceland",2,2,2,29,1757,1415,0,1,27,342,1.24169611307421
"1292",16248,"Iceland","France",2,2,29,2,1415,1757,0,1,-27,-342,0.805350028457598
"1293",16247,"Poland","Portugal",2,3,14,4,1549,1666,-1,0.666666666666667,-10,-117,0.929771908763505
"1294",16247,"Portugal","Poland",3,2,4,14,1666,1549,1,1.5,10,117,1.0755326016785
"1295",16246,"Lithuania","Romania",1,2,48,24,1102,1449,-1,0.5,-24,-347,0.760524499654934
"1296",16246,"Romania","Lithuania",2,1,24,48,1449,1102,1,2,24,347,1.31488203266788
"1297",16245,"Montenegro","Serbia",0,2,34,17,1368,1512,-2,0,-17,-144,0.904761904761905
"1298",16245,"Serbia","Montenegro",2,0,17,34,1512,1368,2,Inf,17,144,1.10526315789474
"1299",16244,"Israel","Scotland",2,1,37,25,1283,1441,1,2,-12,-158,0.890353920888272
"1300",16244,"Scotland","Israel",1,2,25,37,1441,1283,-1,0.5,12,158,1.12314886983632
"1301",16243,"Faroe Islands","Azerbaijan",0,3,44,43,1165,1168,-3,0,-1,-3,0.997431506849315
"1302",16243,"Azerbaijan","Faroe Islands",3,0,43,44,1168,1165,3,Inf,1,3,1.00257510729614
"1303",16242,"Kosovo","Malta",3,1,46,51,1151,955,2,3,5,196,1.20523560209424
"1304",16242,"Malta","Kosovo",1,3,51,46,955,1151,-2,0.333333333333333,-5,-196,0.829713292788879
"1305",16241,"Wales","Spain",1,4,12,5,1570,1648,-3,0.25,-7,-78,0.952669902912621
"1306",16241,"Spain","Wales",4,1,5,12,1648,1570,3,4,7,78,1.04968152866242
"1307",16239,"Italy","Ukraine",1,1,6,16,1642,1514,0,1,10,128,1.08454425363276
"1308",16239,"Ukraine","Italy",1,1,16,6,1514,1642,0,1,-10,-128,0.92204628501827
"1309",16237,"England","Switzerland",1,0,3,9,1686,1606,1,Inf,6,80,1.04981320049813
"1310",16237,"Switzerland","England",0,1,9,3,1606,1686,-1,0,-6,-80,0.952550415183867
"1311",16236,"Iceland","Belgium",0,3,29,1,1415,1783,-3,0,-28,-368,0.793606281547953
"1312",16236,"Belgium","Iceland",3,0,1,29,1783,1415,3,Inf,28,368,1.26007067137809
"1313",16235,"Spain","Croatia",6,0,5,10,1648,1605,6,Inf,5,43,1.02679127725857
"1314",16235,"Croatia","Spain",0,6,10,5,1605,1648,-6,0,-5,-43,0.973907766990291
"1315",16233,"Hungary","Greece",2,1,20,28,1468,1418,1,2,8,50,1.03526093088858
"1316",16233,"Greece","Hungary",1,2,28,20,1418,1468,-1,0.5,-8,-50,0.965940054495913
"1317",16232,"Finland","Estonia",1,0,30,45,1410,1161,1,Inf,15,249,1.21447028423773
"1318",16232,"Estonia","Finland",0,1,45,30,1161,1410,-1,0,-15,-249,0.823404255319149
"1319",16231,"San Marino","Luxembourg",0,3,55,41,804,1244,-3,0,-14,-440,0.646302250803859
"1320",16231,"Luxembourg","San Marino",3,0,41,55,1244,804,3,Inf,14,440,1.54726368159204
"1321",16229,"Northern Ireland","Israel",3,0,27,37,1425,1283,3,Inf,10,142,1.11067809820733
"1322",16229,"Israel","Northern Ireland",0,3,37,27,1283,1425,-3,0,-10,-142,0.900350877192982
"1323",16228,"Moldova","Belarus",0,0,52,38,948,1276,0,NA,-14,-328,0.74294670846395
"1324",16228,"Belarus","Moldova",0,0,38,52,1276,948,0,NA,14,328,1.34599156118143
"1325",16227,"Andorra","Kazakhstan",1,1,50,47,1034,1147,0,1,-3,-113,0.901482127288579
"1326",16227,"Kazakhstan","Andorra",1,1,47,50,1147,1034,0,1,3,113,1.10928433268859
"1327",16226,"Serbia","Romania",2,2,17,24,1512,1449,0,1,7,63,1.04347826086957
"1328",16226,"Romania","Serbia",2,2,24,17,1449,1512,0,1,-7,-63,0.958333333333333
"1329",16225,"Montenegro","Lithuania",2,0,34,48,1368,1102,2,Inf,14,266,1.24137931034483
"1330",16225,"Lithuania","Montenegro",0,2,48,34,1102,1368,-2,0,-14,-266,0.805555555555556
"1331",16224,"Portugal","Italy",1,0,4,6,1666,1642,1,Inf,2,24,1.01461632155907
"1332",16224,"Italy","Portugal",0,1,6,4,1642,1666,-1,0,-2,-24,0.985594237695078
"1333",16223,"Sweden","Turkey",2,3,13,18,1569,1505,-1,0.666666666666667,5,64,1.04252491694352
"1334",16223,"Turkey","Sweden",3,2,18,13,1505,1569,1,1.5,-5,-64,0.959209687699171
"1335",16222,"Scotland","Albania",2,0,25,35,1441,1362,2,Inf,10,79,1.05800293685756
"1336",16222,"Albania","Scotland",0,2,35,25,1362,1441,-2,0,-10,-79,0.945176960444136
"1337",16221,"Kosovo","Faroe Islands",2,0,46,44,1151,1165,2,Inf,-2,-14,0.987982832618026
"1338",16221,"Faroe Islands","Kosovo",0,2,44,46,1165,1151,-2,0,2,14,1.01216333622937
"1339",16220,"Malta","Azerbaijan",1,1,51,43,955,1168,0,1,-8,-213,0.81763698630137
"1340",16220,"Azerbaijan","Malta",1,1,43,51,1168,955,0,1,8,213,1.22303664921466
"1341",16219,"Russia","Czech Republic",5,1,21,22,1462,1458,4,5,1,4,1.00274348422497
"1342",16219,"Czech Republic","Russia",1,5,22,21,1458,1462,-4,0.2,-1,-4,0.997264021887825
"1343",16218,"France","Netherlands",2,1,2,11,1757,1598,1,2,9,159,1.09949937421777
"1344",16218,"Netherlands","France",1,2,11,2,1598,1757,-1,0.5,-9,-159,0.90950483779169
"1345",16217,"Cyprus","Slovenia",2,1,42,33,1240,1369,1,2,-9,-129,0.905770635500365
"1346",16217,"Slovenia","Cyprus",1,2,33,42,1369,1240,-1,0.5,9,129,1.10403225806452
"1347",16216,"Liechtenstein","Gibraltar",2,0,53,54,911,880,2,Inf,1,31,1.03522727272727
"1348",16216,"Gibraltar","Liechtenstein",0,2,54,53,880,911,-2,0,-1,-31,0.965971459934138
"1349",16214,"Denmark","Wales",2,0,7,12,1631,1570,2,Inf,5,61,1.03885350318471
"1350",16214,"Wales","Denmark",0,2,12,7,1570,1631,-2,0,-5,-61,0.962599632127529
"1351",16213,"Bulgaria","Norway",1,0,36,23,1339,1452,1,Inf,-13,-113,0.922176308539945
"1352",16213,"Norway","Bulgaria",0,1,23,36,1452,1339,-1,0,13,113,1.08439133681852
"1353",16212,"Georgia","Latvia",1,0,40,49,1259,1081,1,Inf,9,178,1.16466234967623
"1354",16212,"Latvia","Georgia",0,1,49,40,1081,1259,-1,0,-9,-178,0.858617950754567
"1355",16210,"Ukraine","Slovakia",1,0,16,19,1514,1475,1,Inf,3,39,1.0264406779661
"1356",16210,"Slovakia","Ukraine",0,1,19,16,1475,1514,-1,0,-3,-39,0.974240422721268
"1357",16209,"England","Spain",1,2,3,5,1686,1648,-1,0.5,2,38,1.02305825242718
"1358",16209,"Spain","England",2,1,5,3,1648,1686,1,2,-2,-38,0.977461447212337
"1359",16208,"Estonia","Greece",0,1,45,28,1161,1418,-1,0,-17,-257,0.818758815232722
"1360",16208,"Greece","Estonia",1,0,28,45,1418,1161,1,Inf,17,257,1.2213608957795
"1361",16207,"Luxembourg","Moldova",4,0,41,52,1244,948,4,Inf,11,296,1.31223628691983
"1362",16207,"Moldova","Luxembourg",0,4,52,41,948,1244,-4,0,-11,-296,0.762057877813505
"1363",16206,"Switzerland","Iceland",6,0,9,29,1606,1415,6,Inf,20,191,1.13498233215548
"1364",16206,"Iceland","Switzerland",0,6,29,9,1415,1606,-6,0,-20,-191,0.88107098381071
"1365",16205,"Belarus","San Marino",5,0,38,55,1276,804,5,Inf,17,472,1.58706467661692
"1366",16205,"San Marino","Belarus",0,5,55,38,804,1276,-5,0,-17,-472,0.630094043887147
"1367",16204,"Finland","Hungary",1,0,30,20,1410,1468,1,Inf,-10,-58,0.960490463215259
"1368",16204,"Hungary","Finland",0,1,20,30,1468,1410,-1,0,10,58,1.04113475177305
"1369",16202,"Italy","Poland",1,1,6,14,1642,1549,0,1,8,93,1.06003873466753
"1370",16202,"Poland","Italy",1,1,14,6,1549,1642,0,1,-8,-93,0.943361753958587
"1371",16201,"Romania","Montenegro",0,0,24,34,1449,1368,0,NA,10,81,1.05921052631579
"1372",16201,"Montenegro","Romania",0,0,34,24,1368,1449,0,NA,-10,-81,0.944099378881988
"1373",16200,"Lithuania","Serbia",0,1,48,17,1102,1512,-1,0,-31,-410,0.728835978835979
"1374",16200,"Serbia","Lithuania",1,0,17,48,1512,1102,1,Inf,31,410,1.37205081669691
"1375",16199,"Turkey","Russia",1,2,18,21,1505,1462,-1,0.5,3,43,1.02941176470588
"1376",16199,"Russia","Turkey",2,1,21,18,1462,1505,1,2,-3,-43,0.971428571428571
"1377",16198,"Albania","Israel",1,0,35,37,1362,1283,1,Inf,2,79,1.06157443491816
"1378",16198,"Israel","Albania",0,1,37,35,1283,1362,-1,0,-2,-79,0.941997063142438
"1379",16197,"Faroe Islands","Malta",3,1,44,51,1165,955,2,3,7,210,1.21989528795812
"1380",16197,"Malta","Faroe Islands",1,3,51,44,955,1165,-2,0.333333333333333,-7,-210,0.819742489270386
"1381",16196,"Scotland","Belgium",0,4,25,1,1441,1783,-4,0,-24,-342,0.808188446438587
"1382",16196,"Belgium","Scotland",4,0,1,25,1783,1441,4,Inf,24,342,1.23733518390007
"1383",16195,"Azerbaijan","Kosovo",0,0,43,46,1168,1151,0,NA,3,17,1.01476976542137
"1384",16195,"Kosovo","Azerbaijan",0,0,46,43,1151,1168,0,NA,-3,-17,0.985445205479452
"1385",16194,"Germany","France",0,0,8,2,1609,1757,0,NA,-6,-148,0.915765509391007
"1386",16194,"France","Germany",0,0,2,8,1757,1609,0,NA,6,148,1.09198259788689
"1387",16192,"Slovenia","Bulgaria",1,2,33,36,1369,1339,-1,0.5,3,30,1.02240477968633
"1388",16192,"Bulgaria","Slovenia",2,1,36,33,1339,1369,1,2,-3,-30,0.978086194302411
"1389",16191,"Norway","Cyprus",2,0,23,42,1452,1240,2,Inf,19,212,1.17096774193548
"1390",16191,"Cyprus","Norway",0,2,42,23,1240,1452,-2,0,-19,-212,0.853994490358127
"1391",16190,"Latvia","Andorra",0,0,49,50,1081,1034,0,NA,1,47,1.04545454545455
"1392",16190,"Andorra","Latvia",0,0,50,49,1034,1081,0,NA,-1,-47,0.956521739130435
"1393",16188,"Austria","Sweden",2,0,15,13,1523,1569,2,Inf,-2,-46,0.97068196303378
"1394",16188,"Sweden","Austria",0,2,13,15,1569,1523,-2,0,2,46,1.03020354563362
"1395",16187,"Portugal","Croatia",1,1,4,10,1666,1605,0,1,6,61,1.03800623052959
"1396",16187,"Croatia","Portugal",1,1,10,4,1605,1666,0,1,-6,-61,0.963385354141657
"1397",16185,"Czech Republic","Ukraine",1,2,22,16,1458,1514,-1,0.5,-6,-56,0.963011889035667
"1398",16185,"Ukraine","Czech Republic",2,1,16,22,1514,1458,1,2,6,56,1.03840877914952
"1399",16184,"Armenia","Liechtenstein",2,1,39,53,1273,911,1,2,14,362,1.397365532382
"1400",16184,"Liechtenstein","Armenia",1,2,53,39,911,1273,-1,0.5,-14,-362,0.715632364493323
"1401",16183,"Kazakhstan","Georgia",0,2,47,40,1147,1259,-2,0,-7,-112,0.911040508339952
"1402",16183,"Georgia","Kazakhstan",2,0,40,47,1259,1147,2,Inf,7,112,1.0976460331299
"1403",16182,"Slovakia","Denmark",3,0,19,7,1475,1631,3,Inf,-12,-156,0.904353157572042
"1404",16182,"Denmark","Slovakia",0,3,7,19,1631,1475,-3,0,12,156,1.10576271186441
"1405",16180,"Croatia","France",2,4,10,2,1605,1757,-2,0.5,-8,-152,0.91348890153671
"1406",16180,"France","Croatia",4,2,2,10,1757,1605,2,2,8,152,1.09470404984424
"1407",16179,"Belgium","England",2,0,1,3,1783,1686,2,Inf,2,97,1.05753262158956
"1408",16179,"England","Belgium",0,2,3,1,1686,1783,-2,0,-2,-97,0.94559730790802
"1409",16178,"Croatia","England",2,1,10,3,1605,1686,1,2,-7,-81,0.951957295373665
"1410",16178,"England","Croatia",1,2,3,10,1686,1605,-1,0.5,7,81,1.05046728971963
"1411",16177,"Belgium","France",0,1,1,2,1783,1757,-1,0,1,26,1.01479795105293
"1412",16177,"France","Belgium",1,0,2,1,1757,1783,1,Inf,-1,-26,0.985417835109366
"1413",16176,"Russia","Croatia",2,2,21,10,1462,1605,0,1,-11,-143,0.910903426791277
"1414",16176,"Croatia","Russia",2,2,10,21,1605,1462,0,1,11,143,1.09781121751026
"1415",16175,"England","Sweden",2,0,3,13,1686,1569,2,Inf,10,117,1.07456978967495
"1416",16175,"Sweden","England",0,2,13,3,1569,1686,-2,0,-10,-117,0.930604982206406
"1417",16171,"Sweden","Switzerland",1,0,13,9,1569,1606,1,Inf,-4,-37,0.976961394769614
"1418",16171,"Switzerland","Sweden",0,1,9,13,1606,1569,-1,0,4,37,1.02358189929892
"1419",16169,"Croatia","Denmark",1,1,10,7,1605,1631,0,1,-3,-26,0.98405885959534
"1420",16169,"Denmark","Croatia",1,1,7,10,1631,1605,0,1,3,26,1.01619937694704
"1421",16168,"Russia","Spain",1,1,21,5,1462,1648,0,1,-16,-186,0.887135922330097
"1422",16168,"Spain","Russia",1,1,5,21,1648,1462,0,1,16,186,1.12722298221614
"1423",16165,"England","Belgium",0,1,3,1,1686,1783,-1,0,-2,-97,0.94559730790802
"1424",16165,"Belgium","England",1,0,1,3,1783,1686,1,Inf,2,97,1.05753262158956
"1425",16159,"Croatia","Iceland",2,1,10,29,1605,1415,1,2,19,190,1.13427561837456
"1426",16159,"Iceland","Croatia",1,2,29,10,1415,1605,-1,0.5,-19,-190,0.881619937694704
"1427",16158,"Denmark","France",0,0,7,2,1631,1757,0,NA,-5,-126,0.928286852589641
"1428",16158,"France","Denmark",0,0,2,7,1757,1631,0,NA,5,126,1.07725321888412
"1429",16152,"Germany","Sweden",2,1,8,13,1609,1569,1,2,5,40,1.02549394518802
"1430",16152,"Sweden","Germany",1,2,13,8,1569,1609,-1,0.5,-5,-40,0.97513983840895
"1431",16150,"Serbia","Switzerland",1,2,17,9,1512,1606,-1,0.5,-8,-94,0.941469489414695
"1432",16150,"Switzerland","Serbia",2,1,9,17,1606,1512,1,2,8,94,1.06216931216931
"1433",16131,"Portugal","Spain",3,3,4,5,1666,1648,0,1,1,18,1.01092233009709
"1434",16131,"Spain","Portugal",3,3,5,4,1648,1666,0,1,-1,-18,0.989195678271308
"1435",16129,"Poland","Lithuania",4,0,14,48,1549,1102,4,Inf,34,447,1.40562613430127
"1436",16129,"Lithuania","Poland",0,4,48,14,1102,1549,-4,0,-34,-447,0.711426726920594
"1437",16121,"Finland","Belarus",2,0,30,38,1410,1276,2,Inf,8,134,1.10501567398119
"1438",16121,"Belarus","Finland",0,2,38,30,1276,1410,-2,0,-8,-134,0.904964539007092
"1439",16118,"Latvia","Azerbaijan",1,3,49,43,1081,1168,-2,0.333333333333333,-6,-87,0.925513698630137
"1440",16118,"Azerbaijan","Latvia",3,1,43,49,1168,1081,2,3,6,87,1.08048103607771
"1441",16107,"Belarus","Hungary",1,1,38,20,1276,1468,0,1,-18,-192,0.869209809264305
"1442",16107,"Hungary","Belarus",1,1,20,38,1468,1276,0,1,18,192,1.15047021943574
"1443",16105,"Luxembourg","Georgia",1,0,41,40,1244,1259,1,Inf,-1,-15,0.988085782366958
"1444",16105,"Georgia","Luxembourg",0,1,40,41,1259,1244,-1,0,1,15,1.0120578778135
"1445",16104,"Romania","Finland",2,0,24,30,1449,1410,2,Inf,6,39,1.02765957446809
"1446",16104,"Finland","Romania",0,2,30,24,1410,1449,-2,0,-6,-39,0.973084886128364
"1447",16103,"Russia","Turkey",1,1,21,18,1462,1505,0,1,-3,-43,0.971428571428571
"1448",16103,"Turkey","Russia",1,1,18,21,1505,1462,0,1,3,43,1.02941176470588
"1449",16102,"Lithuania","Latvia",1,1,48,49,1102,1081,0,1,1,21,1.01942645698427
"1450",16102,"Latvia","Lithuania",1,1,49,48,1081,1102,0,1,-1,-21,0.980943738656987
"1451",16101,"Kazakhstan","Azerbaijan",3,0,47,43,1147,1168,3,Inf,-4,-21,0.982020547945205
"1452",16101,"Azerbaijan","Kazakhstan",0,3,43,47,1168,1147,-3,0,4,21,1.01830863121186
"1453",16100,"Italy","Netherlands",1,1,6,11,1642,1598,0,1,5,44,1.02753441802253
"1454",16100,"Netherlands","Italy",1,1,11,6,1598,1642,0,1,-5,-44,0.97320341047503
"1455",16097,"Armenia","Moldova",0,0,39,52,1273,948,0,NA,13,325,1.34282700421941
"1456",16097,"Moldova","Armenia",0,0,52,39,948,1273,0,NA,-13,-325,0.744697564807541
"1457",16096,"Spain","Switzerland",1,1,5,9,1648,1606,0,1,4,42,1.02615193026152
"1458",16096,"Switzerland","Spain",1,1,9,5,1606,1648,0,1,-4,-42,0.974514563106796
"1459",16093,"Albania","Ukraine",1,4,35,16,1362,1514,-3,0.25,-19,-152,0.899603698811096
"1460",16093,"Ukraine","Albania",4,1,16,35,1514,1362,3,4,19,152,1.11160058737151
"1461",16090,"Iceland","Norway",2,3,29,23,1415,1452,-1,0.666666666666667,-6,-37,0.974517906336088
"1462",16090,"Norway","Iceland",3,2,23,29,1452,1415,1,1.5,6,37,1.02614840989399
"1463",16088,"Belgium","Portugal",0,0,1,4,1783,1666,0,NA,3,117,1.07022809123649
"1464",16088,"Portugal","Belgium",0,0,4,1,1666,1783,0,NA,-3,-117,0.934380257992148
"1465",16087,"Montenegro","Slovenia",0,2,34,33,1368,1369,-2,0,-1,-1,0.99926953981008
"1466",16087,"Slovenia","Montenegro",2,0,33,34,1369,1368,2,Inf,1,1,1.00073099415205
"1467",16086,"Sweden","Denmark",0,0,13,7,1569,1631,0,NA,-6,-62,0.961986511342734
"1468",16086,"Denmark","Sweden",0,0,7,13,1631,1569,0,NA,6,62,1.03951561504143
"1469",16085,"Austria","Germany",2,1,15,8,1523,1609,1,2,-7,-86,0.946550652579242
"1470",16085,"Germany","Austria",1,2,8,15,1609,1523,-1,0.5,7,86,1.0564674983585
"1471",16083,"Latvia","Estonia",1,0,49,45,1081,1161,1,Inf,-4,-80,0.931093884582257
"1472",16083,"Estonia","Latvia",0,1,45,49,1161,1081,-1,0,4,80,1.07400555041628
"1473",16082,"France","Italy",3,1,2,6,1757,1642,2,3,4,115,1.0700365408039
"1474",16082,"Italy","France",1,3,6,2,1642,1757,-2,0.333333333333333,-4,-115,0.934547524188958
"1475",16080,"Georgia","Malta",1,0,40,51,1259,955,1,Inf,11,304,1.31832460732984
"1476",16080,"Malta","Georgia",0,1,51,40,955,1259,-1,0,-11,-304,0.758538522637013
"1477",16077,"Slovakia","Netherlands",1,1,19,11,1475,1598,0,1,-8,-123,0.923028785982478
"1478",16077,"Netherlands","Slovakia",1,1,11,19,1598,1475,0,1,8,123,1.08338983050847
"1479",16073,"Austria","Russia",1,0,15,21,1523,1462,1,Inf,6,61,1.04172366621067
"1480",16073,"Russia","Austria",0,1,21,15,1462,1523,-1,0,-6,-61,0.95994747209455
"1481",16072,"Estonia","Lithuania",2,0,45,48,1161,1102,2,Inf,3,59,1.0535390199637
"1482",16072,"Lithuania","Estonia",0,2,48,45,1102,1161,-2,0,-3,-59,0.949181739879414
"1483",16069,"Albania","Kosovo",0,3,35,46,1362,1151,-3,0,11,211,1.18331885317116
"1484",16069,"Kosovo","Albania",3,0,46,35,1151,1362,3,Inf,-11,-211,0.845080763582966
"1485",16068,"Armenia","Malta",1,1,39,51,1273,955,0,1,12,318,1.33298429319372
"1486",16068,"Malta","Armenia",1,1,51,39,955,1273,0,1,-12,-318,0.75019638648861
"1487",16055,"England","Italy",1,1,3,6,1686,1642,0,1,3,44,1.02679658952497
"1488",16055,"Italy","England",1,1,6,3,1642,1686,0,1,-3,-44,0.973902728351127
"1489",16050,"Luxembourg","Austria",0,4,41,15,1244,1523,-4,0,-26,-279,0.816808929743926
"1490",16050,"Austria","Luxembourg",4,0,15,41,1523,1244,4,Inf,26,279,1.22427652733119
"1491",16049,"Romania","Sweden",1,0,24,13,1449,1569,1,Inf,-11,-120,0.923518164435946
"1492",16049,"Sweden","Romania",0,1,13,24,1569,1449,-1,0,11,120,1.08281573498965
"1493",16048,"Slovenia","Belarus",0,2,33,38,1369,1276,-2,0,5,93,1.07288401253918
"1494",16048,"Belarus","Slovenia",2,0,38,33,1276,1369,2,Inf,-5,-93,0.932067202337473
"1495",16046,"Hungary","Scotland",0,1,20,25,1468,1441,-1,0,5,27,1.01873698820264
"1496",16046,"Scotland","Hungary",1,0,25,20,1441,1468,1,Inf,-5,-27,0.981607629427793
"1497",16042,"Montenegro","Turkey",2,2,34,18,1368,1505,0,1,-16,-137,0.908970099667774
"1498",16042,"Turkey","Montenegro",2,2,18,34,1505,1368,0,1,16,137,1.10014619883041
"1499",16038,"Russia","France",1,3,21,2,1462,1757,-2,0.333333333333333,-19,-295,0.832100170745589
"1500",16038,"France","Russia",3,1,2,21,1757,1462,2,3,19,295,1.20177838577291
"1501",16037,"Georgia","Estonia",2,0,40,45,1259,1161,2,Inf,5,98,1.08440999138674
"1502",16037,"Estonia","Georgia",0,2,45,40,1161,1259,-2,0,-5,-98,0.922160444797458
"1503",16036,"Armenia","Lithuania",0,1,39,48,1273,1102,-1,0,9,171,1.1551724137931
"1504",16036,"Lithuania","Armenia",1,0,48,39,1102,1273,1,Inf,-9,-171,0.865671641791045
"1505",16034,"Netherlands","Portugal",3,0,11,4,1598,1666,3,Inf,-7,-68,0.959183673469388
"1506",16034,"Portugal","Netherlands",0,3,4,11,1666,1598,-3,0,7,68,1.04255319148936
"1507",16033,"Albania","Norway",0,1,35,23,1362,1452,-1,0,-12,-90,0.93801652892562
"1508",16033,"Norway","Albania",1,0,23,35,1452,1362,1,Inf,12,90,1.06607929515419
"1509",16032,"Finland","Malta",5,0,30,51,1410,955,5,Inf,21,455,1.47643979057592
"1510",16032,"Malta","Finland",0,5,51,30,955,1410,-5,0,-21,-455,0.677304964539007
"1511",16031,"Bulgaria","Kazakhstan",2,1,36,47,1339,1147,1,2,11,192,1.16739319965126
"1512",16031,"Kazakhstan","Bulgaria",1,2,47,36,1147,1339,-1,0.5,-11,-192,0.856609410007468
"1513",16028,"Faroe Islands","Liechtenstein",3,0,44,53,1165,911,3,Inf,9,254,1.2788144895719
"1514",16028,"Liechtenstein","Faroe Islands",0,3,53,44,911,1165,-3,0,-9,-254,0.781974248927039
"1515",16027,"Gibraltar","Latvia",1,0,54,49,880,1081,1,Inf,-5,-201,0.814061054579093
"1516",16027,"Latvia","Gibraltar",0,1,49,54,1081,880,-1,0,5,201,1.22840909090909
"1517",16024,"Israel","Romania",1,2,37,24,1283,1449,-1,0.5,-13,-166,0.88543823326432
"1518",16024,"Romania","Israel",2,1,24,37,1449,1283,1,2,13,166,1.12938425565082
"1519",16022,"Georgia","Lithuania",4,0,40,48,1259,1102,4,Inf,8,157,1.14246823956443
"1520",16022,"Lithuania","Georgia",0,4,48,40,1102,1259,-4,0,-8,-157,0.875297855440826
"1521",16020,"Armenia","Estonia",0,0,39,45,1273,1161,0,NA,6,112,1.09646856158484
"1522",16020,"Estonia","Armenia",0,0,45,39,1161,1273,0,NA,-6,-112,0.912018853102907
"1523",16016,"Netherlands","England",0,1,11,3,1598,1686,-1,0,-8,-88,0.947805456702254
"1524",16016,"England","Netherlands",1,0,3,11,1686,1598,1,Inf,8,88,1.05506883604506
"1525",16015,"Germany","Spain",1,1,8,5,1609,1648,0,1,-3,-39,0.976334951456311
"1526",16015,"Spain","Germany",1,1,5,8,1648,1609,0,1,3,39,1.02423865755127
"1527",16012,"Austria","Slovenia",3,0,15,33,1523,1369,3,Inf,18,154,1.11249086924763
"1528",16012,"Slovenia","Austria",0,3,33,15,1369,1523,-3,0,-18,-154,0.898883782009192
"1529",16007,"Greece","Switzerland",0,1,28,9,1418,1606,-1,0,-19,-188,0.88293897882939
"1530",16007,"Switzerland","Greece",1,0,9,28,1606,1418,1,Inf,19,188,1.13258110014104
"1531",16006,"Hungary","Kazakhstan",2,3,20,47,1468,1147,-1,0.666666666666667,27,321,1.27986050566696
"1532",16006,"Kazakhstan","Hungary",3,2,47,20,1147,1468,1,1.5,-27,-321,0.78133514986376
"1533",16000,"Cyprus","Montenegro",0,0,42,34,1240,1368,0,NA,-8,-128,0.906432748538012
"1534",16000,"Montenegro","Cyprus",0,0,34,42,1368,1240,0,NA,8,128,1.10322580645161
"1535",15999,"Azerbaijan","Belarus",0,1,43,38,1168,1276,-1,0,-5,-108,0.915360501567398
"1536",15999,"Belarus","Azerbaijan",1,0,38,43,1276,1168,1,Inf,5,108,1.09246575342466
"1537",15996,"Malta","Luxembourg",0,1,51,41,955,1244,-1,0,-10,-289,0.767684887459807
"1538",15996,"Luxembourg","Malta",1,0,41,51,1244,955,1,Inf,10,289,1.30261780104712
"1539",15995,"Faroe Islands","Latvia",1,1,44,49,1165,1081,0,1,5,84,1.0777058279371
"1540",15995,"Latvia","Faroe Islands",1,1,49,44,1081,1165,0,1,-5,-84,0.927896995708155
"1541",15992,"Liechtenstein","Andorra",0,1,53,50,911,1034,-1,0,-3,-123,0.881044487427466
"1542",15992,"Andorra","Liechtenstein",1,0,50,53,1034,911,1,Inf,3,123,1.13501646542261
"1543",15988,"Azerbaijan","Moldova",0,0,43,52,1168,948,0,NA,9,220,1.23206751054852
"1544",15988,"Moldova","Azerbaijan",0,0,52,43,948,1168,0,NA,-9,-220,0.811643835616438
"1545",15981,"Estonia","Sweden",1,1,45,13,1161,1569,0,1,-32,-408,0.739961759082218
"1546",15981,"Sweden","Estonia",1,1,13,45,1569,1161,0,1,32,408,1.35142118863049
"1547",15971,"Germany","France",2,2,8,2,1609,1757,0,1,-6,-148,0.915765509391007
"1548",15971,"France","Germany",2,2,2,8,1757,1609,0,1,6,148,1.09198259788689
"1549",15968,"Romania","Netherlands",0,3,24,11,1449,1598,-3,0,-13,-149,0.906758448060075
"1550",15968,"Netherlands","Romania",3,0,11,24,1598,1449,3,Inf,13,149,1.10282953761215
"1551",15967,"Russia","Spain",3,3,21,5,1462,1648,0,1,-16,-186,0.887135922330097
"1552",15967,"Spain","Russia",3,3,5,21,1648,1462,0,1,16,186,1.12722298221614
"1553",15966,"Slovakia","Norway",1,0,19,23,1475,1452,1,Inf,4,23,1.01584022038567
"1554",15966,"Norway","Slovakia",0,1,23,19,1452,1475,-1,0,-4,-23,0.984406779661017
"1555",15962,"Italy","Sweden",0,0,6,13,1642,1569,0,NA,7,73,1.04652644996813
"1556",15962,"Sweden","Italy",0,0,13,6,1569,1642,0,NA,-7,-73,0.955542021924482
"1557",15961,"Kosovo","Latvia",4,3,46,49,1151,1081,1,1.33333333333333,3,70,1.06475485661425
"1558",15961,"Latvia","Kosovo",3,4,49,46,1081,1151,-1,0.75,-3,-70,0.939183318853171
"1559",15960,"Turkey","Albania",2,3,18,35,1505,1362,-1,0.666666666666667,17,143,1.10499265785609
"1560",15960,"Albania","Turkey",3,2,35,18,1362,1505,1,1.5,-17,-143,0.904983388704319
"1561",15958,"Georgia","Belarus",2,2,40,38,1259,1276,0,1,-2,-17,0.986677115987461
"1562",15958,"Belarus","Georgia",2,2,38,40,1276,1259,0,1,2,17,1.01350277998411
"1563",15957,"Armenia","Cyprus",3,2,39,42,1273,1240,1,1.5,3,33,1.02661290322581
"1564",15957,"Cyprus","Armenia",2,3,42,39,1240,1273,-1,0.666666666666667,-3,-33,0.974076983503535
"1565",15956,"Greece","Croatia",0,0,28,10,1418,1605,0,NA,-18,-187,0.883489096573209
"1566",15956,"Croatia","Greece",0,0,10,28,1605,1418,0,NA,18,187,1.13187588152327
"1567",15955,"Switzerland","Northern Ireland",0,0,9,27,1606,1425,0,NA,18,181,1.12701754385965
"1568",15955,"Northern Ireland","Switzerland",0,0,27,9,1425,1606,0,NA,-18,-181,0.887297633872976
"1569",15954,"Malta","Estonia",0,3,51,45,955,1161,-3,0,-6,-206,0.822566752799311
"1570",15954,"Estonia","Malta",3,0,45,51,1161,955,3,Inf,6,206,1.21570680628272
"1571",15947,"France","Wales",2,0,2,12,1757,1570,2,Inf,10,187,1.11910828025478
"1572",15947,"Wales","France",0,2,12,2,1570,1757,-2,0,-10,-187,0.893568582811611
"1573",15946,"England","Germany",0,0,3,8,1686,1609,0,NA,5,77,1.04785581106277
"1574",15946,"Germany","England",0,0,8,3,1609,1686,0,NA,-5,-77,0.954329774614472
"1575",15945,"Sweden","Italy",1,0,13,6,1569,1642,1,Inf,-7,-73,0.955542021924482
"1576",15945,"Italy","Sweden",0,1,6,13,1642,1569,-1,0,7,73,1.04652644996813
"1577",15942,"Ukraine","Slovakia",2,1,16,19,1514,1475,1,2,3,39,1.0264406779661
"1578",15942,"Slovakia","Ukraine",1,2,19,16,1475,1514,-1,0.5,-3,-39,0.974240422721268
"1579",15941,"Georgia","Cyprus",1,0,40,42,1259,1240,1,Inf,2,19,1.01532258064516
"1580",15941,"Cyprus","Georgia",0,1,42,40,1240,1259,-1,0,-2,-19,0.984908657664813
"1581",15939,"Scotland","Netherlands",0,1,25,11,1441,1598,-1,0,-14,-157,0.901752190237797
"1582",15939,"Netherlands","Scotland",1,0,11,25,1598,1441,1,Inf,14,157,1.1089521165857
"1583",15938,"Northern Ireland","Switzerland",0,1,27,9,1425,1606,-1,0,-18,-181,0.887297633872976
"1584",15938,"Switzerland","Northern Ireland",1,0,9,27,1606,1425,1,Inf,18,181,1.12701754385965
"1585",15937,"Croatia","Greece",4,1,10,28,1605,1418,3,4,18,187,1.13187588152327
"1586",15937,"Greece","Croatia",1,4,28,10,1418,1605,-3,0.25,-18,-187,0.883489096573209
"1587",15936,"Luxembourg","Hungary",2,1,41,20,1244,1468,1,2,-21,-224,0.847411444141689
"1588",15936,"Hungary","Luxembourg",1,2,20,41,1468,1244,-1,0.5,21,224,1.18006430868167
"1589",15935,"Romania","Turkey",2,0,24,18,1449,1505,2,Inf,-6,-56,0.962790697674419
"1590",15935,"Turkey","Romania",0,2,18,24,1505,1449,-2,0,6,56,1.03864734299517
"1591",15934,"Finland","Estonia",3,0,30,45,1410,1161,3,Inf,15,249,1.21447028423773
"1592",15934,"Estonia","Finland",0,3,45,30,1161,1410,-3,0,-15,-249,0.823404255319149
"1593",15933,"Armenia","Belarus",4,1,39,38,1273,1276,3,4,-1,-3,0.997648902821317
"1594",15933,"Belarus","Armenia",1,4,38,39,1276,1273,-3,0.25,1,3,1.00235663786332
"1595",15932,"Czech Republic","Iceland",2,1,22,29,1458,1415,1,2,7,43,1.03038869257951
"1596",15932,"Iceland","Czech Republic",1,2,29,22,1415,1458,-1,0.5,-7,-43,0.970507544581619
"1597",15930,"France","Belarus",2,1,2,38,1757,1276,1,2,36,481,1.3769592476489
"1598",15930,"Belarus","France",1,2,38,2,1276,1757,-1,0.5,-36,-481,0.726237905520774
"1599",15929,"Luxembourg","Bulgaria",1,1,41,36,1244,1339,0,1,-5,-95,0.929051530993279
"1600",15929,"Bulgaria","Luxembourg",1,1,36,41,1339,1244,0,1,5,95,1.07636655948553
"1601",15928,"Netherlands","Sweden",2,0,11,13,1598,1569,2,Inf,2,29,1.01848311026131
"1602",15928,"Sweden","Netherlands",0,2,13,11,1569,1598,-2,0,-2,-29,0.981852315394243
"1603",15927,"Hungary","Faroe Islands",1,0,20,44,1468,1165,1,Inf,24,303,1.26008583690987
"1604",15927,"Faroe Islands","Hungary",0,1,44,20,1165,1468,-1,0,-24,-303,0.793596730245232
"1605",15926,"Latvia","Andorra",4,0,49,50,1081,1034,4,Inf,1,47,1.04545454545455
"1606",15926,"Andorra","Latvia",0,4,50,49,1034,1081,-4,0,-1,-47,0.956521739130435
"1607",15925,"Portugal","Switzerland",2,0,4,9,1666,1606,2,Inf,5,60,1.0373599003736
"1608",15925,"Switzerland","Portugal",0,2,9,4,1606,1666,-2,0,-5,-60,0.963985594237695
"1609",15924,"Belgium","Cyprus",4,0,1,42,1783,1240,4,Inf,41,543,1.43790322580645
"1610",15924,"Cyprus","Belgium",0,4,42,1,1240,1783,-4,0,-41,-543,0.695457094784072
"1611",15922,"Greece","Gibraltar",4,0,28,54,1418,880,4,Inf,26,538,1.61136363636364
"1612",15922,"Gibraltar","Greece",0,4,54,28,880,1418,-4,0,-26,-538,0.620592383638928
"1613",15920,"Moldova","Austria",0,1,52,15,948,1523,-1,0,-37,-575,0.622455679579777
"1614",15920,"Austria","Moldova",1,0,15,52,1523,948,1,Inf,37,575,1.60654008438819
"1615",15919,"Serbia","Georgia",1,0,17,40,1512,1259,1,Inf,23,253,1.20095313741064
"1616",15919,"Georgia","Serbia",0,1,40,17,1259,1512,-1,0,-23,-253,0.832671957671958
"1617",15917,"Albania","Italy",0,1,35,6,1362,1642,-1,0,-29,-280,0.829476248477466
"1618",15917,"Italy","Albania",1,0,6,35,1642,1362,1,Inf,29,280,1.20558002936858
"1619",15916,"Israel","Spain",0,1,37,5,1283,1648,-1,0,-32,-365,0.778519417475728
"1620",15916,"Spain","Israel",1,0,5,37,1648,1283,1,Inf,32,365,1.28448947778644
"1621",15914,"Ukraine","Croatia",0,2,16,10,1514,1605,-2,0,-6,-91,0.943302180685358
"1622",15914,"Croatia","Ukraine",2,0,10,16,1605,1514,2,Inf,6,91,1.06010568031704
"1623",15913,"Iceland","Kosovo",2,0,29,46,1415,1151,2,Inf,17,264,1.22936576889661
"1624",15913,"Kosovo","Iceland",0,2,46,29,1151,1415,-2,0,-17,-264,0.813427561837456
"1625",15912,"Finland","Turkey",2,2,30,18,1410,1505,0,1,-12,-95,0.93687707641196
"1626",15912,"Turkey","Finland",2,2,18,30,1505,1410,0,1,12,95,1.06737588652482
"1627",15911,"Czech Republic","San Marino",5,0,22,55,1458,804,5,Inf,33,654,1.8134328358209
"1628",15911,"San Marino","Czech Republic",0,5,55,22,804,1458,-5,0,-33,-654,0.551440329218107
"1629",15910,"Germany","Azerbaijan",5,1,8,43,1609,1168,4,5,35,441,1.37756849315068
"1630",15910,"Azerbaijan","Germany",1,5,43,8,1168,1609,-4,0.2,-35,-441,0.72591671845867
"1631",15909,"Norway","Northern Ireland",1,0,23,27,1452,1425,1,Inf,4,27,1.01894736842105
"1632",15909,"Northern Ireland","Norway",0,1,27,23,1425,1452,-1,0,-4,-27,0.981404958677686
"1633",15908,"Denmark","Romania",1,1,7,24,1631,1449,0,1,17,182,1.1256038647343
"1634",15908,"Romania","Denmark",1,1,24,7,1449,1631,0,1,-17,-182,0.888412017167382
"1635",15907,"Kazakhstan","Armenia",1,1,47,39,1147,1273,0,1,-8,-126,0.90102120974077
"1636",15907,"Armenia","Kazakhstan",1,1,39,47,1273,1147,0,1,8,126,1.10985178727114
"1637",15906,"Poland","Montenegro",4,2,14,34,1549,1368,2,2,20,181,1.13230994152047
"1638",15906,"Montenegro","Poland",2,4,34,14,1368,1549,-2,0.5,-20,-181,0.883150419625565
"1639",15905,"Slovenia","Scotland",2,2,33,25,1369,1441,0,1,-8,-72,0.950034698126301
"1640",15905,"Scotland","Slovenia",2,2,25,33,1441,1369,0,1,8,72,1.05259313367421
"1641",15904,"Lithuania","England",0,1,48,3,1102,1686,-1,0,-45,-584,0.65361803084223
"1642",15904,"England","Lithuania",1,0,3,48,1686,1102,1,Inf,45,584,1.52994555353902
"1643",15903,"Slovakia","Malta",3,0,19,51,1475,955,3,Inf,32,520,1.54450261780105
"1644",15903,"Malta","Slovakia",0,3,51,19,955,1475,-3,0,-32,-520,0.647457627118644
"1645",15902,"Belarus","Netherlands",1,3,38,11,1276,1598,-2,0.333333333333333,-27,-322,0.798498122653317
"1646",15902,"Netherlands","Belarus",3,1,11,38,1598,1276,2,3,27,322,1.25235109717868
"1647",15901,"Bulgaria","France",0,1,36,2,1339,1757,-1,0,-34,-418,0.762094479225953
"1648",15901,"France","Bulgaria",1,0,2,36,1757,1339,1,Inf,34,418,1.31217326362957
"1649",15900,"Andorra","Portugal",0,2,50,4,1034,1666,-2,0,-46,-632,0.620648259303721
"1650",15900,"Portugal","Andorra",2,0,4,50,1666,1034,2,Inf,46,632,1.61121856866538
"1651",15899,"Switzerland","Hungary",5,2,9,20,1606,1468,3,2.5,11,138,1.09400544959128
"1652",15899,"Hungary","Switzerland",2,5,20,9,1468,1606,-3,0.4,-11,-138,0.914072229140722
"1653",15898,"Cyprus","Greece",1,2,42,28,1240,1418,-1,0.5,-14,-178,0.874471086036671
"1654",15898,"Greece","Cyprus",2,1,28,42,1418,1240,1,2,14,178,1.14354838709677
"1655",15897,"Sweden","Luxembourg",8,0,13,41,1569,1244,8,Inf,28,325,1.2612540192926
"1656",15897,"Luxembourg","Sweden",0,8,41,13,1244,1569,-8,0,-28,-325,0.792861695347355
"1657",15896,"Faroe Islands","Latvia",0,0,44,49,1165,1081,0,NA,5,84,1.0777058279371
"1658",15896,"Latvia","Faroe Islands",0,0,49,44,1081,1165,0,NA,-5,-84,0.927896995708155
"1659",15895,"Gibraltar","Estonia",0,6,54,45,880,1161,-6,0,-9,-281,0.757967269595177
"1660",15895,"Estonia","Gibraltar",6,0,45,54,1161,880,6,Inf,9,281,1.31931818181818
"1661",15892,"Austria","Serbia",3,2,15,17,1523,1512,1,1.5,2,11,1.00727513227513
"1662",15892,"Serbia","Austria",2,3,17,15,1512,1523,-1,0.666666666666667,-2,-11,0.992777413000657
"1663",15889,"Liechtenstein","Israel",0,1,53,37,911,1283,-1,0,-16,-372,0.710054559625877
"1664",15889,"Israel","Liechtenstein",1,0,37,53,1283,911,1,Inf,16,372,1.40834248079034
"1665",15888,"Spain","Albania",3,0,5,35,1648,1362,3,Inf,30,286,1.20998531571219
"1666",15888,"Albania","Spain",0,3,35,5,1362,1648,-3,0,-30,-286,0.826456310679612
"1667",15887,"Croatia","Finland",1,1,10,30,1605,1410,0,1,20,195,1.13829787234043
"1668",15887,"Finland","Croatia",1,1,30,10,1410,1605,0,1,-20,-195,0.878504672897196
"1669",15886,"Kosovo","Ukraine",0,2,46,16,1151,1514,-2,0,-30,-363,0.760237780713342
"1670",15886,"Ukraine","Kosovo",2,0,16,46,1514,1151,2,Inf,30,363,1.31537793223284
"1671",15885,"Turkey","Iceland",0,3,18,29,1505,1415,-3,0,11,90,1.06360424028269
"1672",15885,"Iceland","Turkey",3,0,29,18,1415,1505,3,Inf,-11,-90,0.940199335548173
"1673",15884,"Georgia","Wales",0,1,40,12,1259,1570,-1,0,-28,-311,0.801910828025478
"1674",15884,"Wales","Georgia",1,0,12,40,1570,1259,1,Inf,28,311,1.24702144559174
"1675",15883,"Northern Ireland","Germany",1,3,27,8,1425,1609,-2,0.333333333333333,-19,-184,0.885643256681168
"1676",15883,"Germany","Northern Ireland",3,1,8,27,1609,1425,2,3,19,184,1.12912280701754
"1677",15882,"San Marino","Norway",0,8,55,23,804,1452,-8,0,-32,-648,0.553719008264463
"1678",15882,"Norway","San Marino",8,0,23,55,1452,804,8,Inf,32,648,1.80597014925373
"1679",15881,"Montenegro","Denmark",0,1,34,7,1368,1631,-1,0,-27,-263,0.838749233599019
"1680",15881,"Denmark","Montenegro",1,0,7,34,1631,1368,1,Inf,27,263,1.1922514619883
"1681",15880,"Romania","Kazakhstan",3,1,24,47,1449,1147,2,3,23,302,1.26329555361813
"1682",15880,"Kazakhstan","Romania",1,3,47,24,1147,1449,-2,0.333333333333333,-23,-302,0.791580400276052
"1683",15879,"England","Slovenia",1,0,3,33,1686,1369,1,Inf,30,317,1.23155588020453
"1684",15879,"Slovenia","England",0,1,33,3,1369,1686,-1,0,-30,-317,0.811981020166074
"1685",15878,"Malta","Lithuania",1,1,51,48,955,1102,0,1,-3,-147,0.866606170598911
"1686",15878,"Lithuania","Malta",1,1,48,51,1102,955,0,1,3,147,1.15392670157068
"1687",15877,"Scotland","Slovakia",1,0,25,19,1441,1475,1,Inf,-6,-34,0.976949152542373
"1688",15877,"Slovakia","Scotland",0,1,19,25,1475,1441,-1,0,6,34,1.0235947258848
"1689",15876,"Azerbaijan","Czech Republic",1,2,43,22,1168,1458,-1,0.5,-21,-290,0.801097393689986
"1690",15876,"Czech Republic","Azerbaijan",2,1,22,43,1458,1168,1,2,21,290,1.24828767123288
"1691",15875,"Armenia","Poland",1,6,39,14,1273,1549,-5,0.166666666666667,-25,-276,0.82182052937379
"1692",15875,"Poland","Armenia",6,1,14,39,1549,1273,5,6,25,276,1.21681068342498
"1693",15874,"Austria","Georgia",1,1,15,40,1523,1259,0,1,25,264,1.20969023034154
"1694",15874,"Georgia","Austria",1,1,40,15,1259,1523,0,1,-25,-264,0.826657912015758
"1695",15873,"Moldova","Wales",0,2,52,12,948,1570,-2,0,-40,-622,0.603821656050955
"1696",15873,"Wales","Moldova",2,0,12,52,1570,948,2,Inf,40,622,1.65611814345992
"1697",15871,"Italy","Israel",1,0,6,37,1642,1283,1,Inf,31,359,1.27981293842556
"1698",15871,"Israel","Italy",0,1,37,6,1283,1642,-1,0,-31,-359,0.78136419001218
"1699",15710,"Germany","England",1,0,8,3,1609,1686,1,Inf,-5,-77,0.954329774614472
"1700",15710,"England","Germany",0,1,3,8,1686,1609,-1,0,5,77,1.04785581106277
"1701",15709,"Czech Republic","Lithuania",3,0,22,48,1458,1102,3,Inf,26,356,1.32304900181488
"1702",15709,"Lithuania","Czech Republic",0,3,48,22,1102,1458,-3,0,-26,-356,0.755829903978052
"1703",15708,"Cyprus","Kazakhstan",3,1,42,47,1240,1147,2,3,5,93,1.08108108108108
"1704",15708,"Kazakhstan","Cyprus",1,3,47,42,1147,1240,-2,0.333333333333333,-5,-93,0.925
"1705",15707,"San Marino","Moldova",0,2,55,52,804,948,-2,0,-3,-144,0.848101265822785
"1706",15707,"Moldova","San Marino",2,0,52,55,948,804,2,Inf,3,144,1.17910447761194
"1707",15705,"San Marino","Andorra",0,2,55,50,804,1034,-2,0,-5,-230,0.777562862669246
"1708",15705,"Andorra","San Marino",2,0,50,55,1034,804,2,Inf,5,230,1.28606965174129
"1709",15688,"England","Spain",2,2,3,5,1686,1648,0,1,2,38,1.02305825242718
"1710",15688,"Spain","England",2,2,5,3,1648,1686,0,1,-2,-38,0.977461447212337
"1711",15687,"Northern Ireland","Croatia",0,3,27,10,1425,1605,-3,0,-17,-180,0.88785046728972
"1712",15687,"Croatia","Northern Ireland",3,0,10,27,1605,1425,3,Inf,17,180,1.12631578947368
"1713",15686,"Austria","Slovakia",0,0,15,19,1523,1475,0,NA,4,48,1.03254237288136
"1714",15686,"Slovakia","Austria",0,0,19,15,1475,1523,0,NA,-4,-48,0.968483256730138
"1715",15685,"Italy","Germany",0,0,6,8,1642,1609,0,NA,2,33,1.02050963331262
"1716",15685,"Germany","Italy",0,0,8,6,1609,1642,0,NA,-2,-33,0.979902557856273
"1717",15684,"Czech Republic","Denmark",1,1,22,7,1458,1631,0,1,-15,-173,0.893930104230533
"1718",15684,"Denmark","Czech Republic",1,1,7,22,1631,1458,0,1,15,173,1.11865569272977
"1719",15683,"Ukraine","Serbia",2,0,16,17,1514,1512,2,Inf,1,2,1.00132275132275
"1720",15683,"Serbia","Ukraine",0,2,17,16,1512,1514,-2,0,-1,-2,0.998678996036988
"1721",15682,"Hungary","Sweden",0,2,20,13,1468,1569,-2,0,-7,-101,0.935627788400255
"1722",15682,"Sweden","Hungary",2,0,13,20,1569,1468,2,Inf,7,101,1.06880108991826
"1723",15681,"Malta","Iceland",0,2,51,29,955,1415,-2,0,-22,-460,0.674911660777385
"1724",15681,"Iceland","Malta",2,0,29,51,1415,955,2,Inf,22,460,1.48167539267016
"1725",15680,"Russia","Romania",1,0,21,24,1462,1449,1,Inf,3,13,1.00897170462388
"1726",15680,"Romania","Russia",0,1,24,21,1449,1462,-1,0,-3,-13,0.991108071135431
"1727",15679,"Poland","Slovenia",1,1,14,33,1549,1369,0,1,19,180,1.13148283418554
"1728",15679,"Slovenia","Poland",1,1,33,14,1369,1549,0,1,-19,-180,0.883795997417689
"1729",15678,"Portugal","Latvia",4,1,4,49,1666,1081,3,4,45,585,1.54116558741906
"1730",15678,"Latvia","Portugal",1,4,49,4,1081,1666,-3,0.25,-45,-585,0.648859543817527
"1731",15677,"Belgium","Estonia",8,1,1,45,1783,1161,7,8,44,622,1.53574504737295
"1732",15677,"Estonia","Belgium",1,8,45,1,1161,1783,-7,0.125,-44,-622,0.651149747616377
"1733",15675,"Bulgaria","Belarus",1,0,36,38,1339,1276,1,Inf,2,63,1.04937304075235
"1734",15675,"Belarus","Bulgaria",0,1,38,36,1276,1339,-1,0,-2,-63,0.952949962658701
"1735",15674,"Luxembourg","Netherlands",1,3,41,11,1244,1598,-2,0.333333333333333,-30,-354,0.778473091364205
"1736",15674,"Netherlands","Luxembourg",3,1,11,41,1598,1244,2,3,30,354,1.28456591639871
"1737",15673,"Cyprus","Gibraltar",3,1,42,54,1240,880,2,3,12,360,1.40909090909091
"1738",15673,"Gibraltar","Cyprus",1,3,54,42,880,1240,-2,0.333333333333333,-12,-360,0.709677419354839
"1739",15672,"Hungary","Andorra",4,0,20,50,1468,1034,4,Inf,30,434,1.41972920696325
"1740",15672,"Andorra","Hungary",0,4,50,20,1034,1468,-4,0,-30,-434,0.704359673024523
"1741",15671,"Switzerland","Faroe Islands",2,0,9,44,1606,1165,2,Inf,35,441,1.37854077253219
"1742",15671,"Faroe Islands","Switzerland",0,2,44,9,1165,1606,-2,0,-35,-441,0.725404732254047
"1743",15510,"Austria","Hungary",0,2,15,20,1523,1468,-2,0,5,55,1.0374659400545
"1744",15510,"Hungary","Austria",2,0,20,15,1468,1523,2,Inf,-5,-55,0.963887065003283
"1745",15509,"Belgium","Italy",0,2,1,6,1783,1642,-2,0,5,141,1.08587088915956
"1746",15509,"Italy","Belgium",2,0,6,1,1642,1783,2,Inf,-5,-141,0.920919798093102
"1747",15507,"Spain","Czech Republic",1,0,5,22,1648,1458,1,Inf,17,190,1.13031550068587
"1748",15507,"Czech Republic","Spain",0,1,22,5,1458,1648,-1,0,-17,-190,0.884708737864078
"1749",15506,"Germany","Ukraine",2,0,8,16,1609,1514,2,Inf,8,95,1.06274768824306
"1750",15506,"Ukraine","Germany",0,2,16,8,1514,1609,-2,0,-8,-95,0.940957116221255
"1751",15505,"Poland","Northern Ireland",1,0,14,27,1549,1425,1,Inf,13,124,1.08701754385965
"1752",15505,"Northern Ireland","Poland",0,1,27,14,1425,1549,-1,0,-13,-124,0.91994835377663
"1753",15504,"Turkey","Croatia",0,1,18,10,1505,1605,-1,0,-8,-100,0.937694704049844
"1754",15504,"Croatia","Turkey",1,0,10,18,1605,1505,1,Inf,8,100,1.06644518272425
"1755",15503,"England","Russia",1,1,3,21,1686,1462,0,1,18,224,1.15321477428181
"1756",15503,"Russia","England",1,1,21,3,1462,1686,0,1,-18,-224,0.867141162514828
"1757",15502,"Wales","Slovakia",2,1,12,19,1570,1475,1,2,7,95,1.06440677966102
"1758",15502,"Slovakia","Wales",1,2,19,12,1475,1570,-1,0.5,-7,-95,0.939490445859873
"1759",15501,"Albania","Switzerland",0,1,35,9,1362,1606,-1,0,-26,-244,0.848069738480697
"1760",15501,"Switzerland","Albania",1,0,9,35,1606,1362,1,Inf,26,244,1.1791483113069
"1761",15500,"France","Romania",2,1,2,24,1757,1449,1,2,22,308,1.21256038647343
"1762",15500,"Romania","France",1,2,24,2,1449,1757,-1,0.5,-22,-308,0.824701195219124
"1763",15499,"Portugal","Estonia",7,0,4,45,1666,1161,7,Inf,41,505,1.4349698535745
"1764",15499,"Estonia","Portugal",0,7,45,4,1161,1666,-7,0,-41,-505,0.6968787515006
"1765",15498,"Spain","Georgia",0,1,5,40,1648,1259,-1,0,35,389,1.30897537728356
"1766",15498,"Georgia","Spain",1,0,40,5,1259,1648,1,Inf,-35,-389,0.763956310679612
"1767",15494,"Bulgaria","Denmark",0,4,36,7,1339,1631,-4,0,-29,-292,0.820968730839975
"1768",15494,"Denmark","Bulgaria",4,0,7,36,1631,1339,4,Inf,29,292,1.21807318894698
"1769",15493,"Iceland","Liechtenstein",4,0,29,53,1415,911,4,Inf,24,504,1.55323819978046
"1770",15493,"Liechtenstein","Iceland",0,4,53,29,911,1415,-4,0,-24,-504,0.643816254416961
"1771",15492,"Italy","Finland",2,0,6,30,1642,1410,2,Inf,24,232,1.1645390070922
"1772",15492,"Finland","Italy",0,2,30,6,1410,1642,-2,0,-24,-232,0.858708891595615
"1773",15491,"Poland","Lithuania",0,0,14,48,1549,1102,0,NA,34,447,1.40562613430127
"1774",15491,"Lithuania","Poland",0,0,48,14,1102,1549,0,NA,-34,-447,0.711426726920594
"1775",15490,"Slovenia","Turkey",0,1,33,18,1369,1505,-1,0,-15,-136,0.909634551495017
"1776",15490,"Turkey","Slovenia",1,0,18,33,1505,1369,1,Inf,15,136,1.09934258582907
"1777",15489,"Belgium","Norway",3,2,1,23,1783,1452,1,1.5,22,331,1.22796143250689
"1778",15489,"Norway","Belgium",2,3,23,1,1452,1783,-1,0.666666666666667,-22,-331,0.814357823892316
"1779",15488,"Russia","Serbia",1,1,21,17,1462,1512,0,1,-4,-50,0.966931216931217
"1780",15488,"Serbia","Russia",1,1,17,21,1512,1462,0,1,4,50,1.03419972640219
"1781",15487,"Sweden","Wales",3,0,13,12,1569,1570,3,Inf,-1,-1,0.999363057324841
"1782",15487,"Wales","Sweden",0,3,12,13,1570,1569,-3,0,1,1,1.0006373486297
"1783",15485,"France","Scotland",3,0,2,25,1757,1441,3,Inf,23,316,1.21929215822346
"1784",15485,"Scotland","France",0,3,25,2,1441,1757,-3,0,-23,-316,0.820147979510529
"1785",15484,"Slovakia","Northern Ireland",0,0,19,27,1475,1425,0,NA,8,50,1.03508771929825
"1786",15484,"Northern Ireland","Slovakia",0,0,27,19,1425,1475,0,NA,-8,-50,0.966101694915254
"1787",15483,"Austria","Netherlands",0,2,15,11,1523,1598,-2,0,-4,-75,0.953066332916145
"1788",15483,"Netherlands","Austria",2,0,11,15,1598,1523,2,Inf,4,75,1.04924491135916
"1789",15482,"Croatia","San Marino",10,0,10,55,1605,804,10,Inf,45,801,1.99626865671642
"1790",15482,"San Marino","Croatia",0,10,55,10,804,1605,-10,0,-45,-801,0.500934579439252
"1791",15481,"Estonia","Latvia",0,0,45,49,1161,1081,0,NA,4,80,1.07400555041628
"1792",15481,"Latvia","Estonia",0,0,49,45,1081,1161,0,NA,-4,-80,0.931093884582257
"1793",15480,"Germany","Hungary",2,0,8,20,1609,1468,2,Inf,12,141,1.09604904632153
"1794",15480,"Hungary","Germany",0,2,20,8,1468,1609,-2,0,-12,-141,0.912367930391548
"1795",15478,"Albania","Ukraine",1,3,35,16,1362,1514,-2,0.333333333333333,-19,-152,0.899603698811096
"1796",15478,"Ukraine","Albania",3,1,16,35,1514,1362,2,3,19,152,1.11160058737151
"1797",15477,"Faroe Islands","Kosovo",0,2,44,46,1165,1151,-2,0,2,14,1.01216333622937
"1798",15477,"Kosovo","Faroe Islands",2,0,46,44,1151,1165,2,Inf,-2,-14,0.987982832618026
"1799",15476,"Romania","Georgia",5,1,24,40,1449,1259,4,5,16,190,1.15091342335187
"1800",15476,"Georgia","Romania",1,5,40,24,1259,1449,-4,0.2,-16,-190,0.868875086266391
"1801",15474,"Switzerland","Moldova",2,1,9,52,1606,948,1,2,43,658,1.69409282700422
"1802",15474,"Moldova","Switzerland",1,2,52,9,948,1606,-1,0.5,-43,-658,0.590286425902864
"1803",15471,"England","Portugal",1,0,3,4,1686,1666,1,Inf,1,20,1.01200480192077
"1804",15471,"Portugal","England",0,1,4,3,1666,1686,-1,0,-1,-20,0.988137603795967
"1805",15468,"Poland","Netherlands",1,2,14,11,1549,1598,-1,0.5,-3,-49,0.969336670838548
"1806",15468,"Netherlands","Poland",2,1,11,14,1598,1549,1,2,3,49,1.03163331181407
"1807",15467,"Belgium","Finland",1,1,1,30,1783,1410,0,1,29,373,1.2645390070922
"1808",15467,"Finland","Belgium",1,1,30,1,1410,1783,0,1,-29,-373,0.790802019068985
"1809",15466,"Norway","Iceland",3,2,23,29,1452,1415,1,1.5,6,37,1.02614840989399
"1810",15466,"Iceland","Norway",2,3,29,23,1415,1452,-1,0.666666666666667,-6,-37,0.974517906336088
"1811",15465,"Latvia","Lithuania",2,1,49,48,1081,1102,1,2,-1,-21,0.980943738656987
"1812",15465,"Lithuania","Latvia",1,2,48,49,1102,1081,-1,0.5,1,21,1.01942645698427
"1813",15464,"Czech Republic","Russia",2,1,22,21,1458,1462,1,2,-1,-4,0.997264021887825
"1814",15464,"Russia","Czech Republic",1,2,21,22,1462,1458,-1,0.5,1,4,1.00274348422497
"1815",15463,"Estonia","Andorra",2,0,45,50,1161,1034,2,Inf,5,127,1.12282398452611
"1816",15463,"Andorra","Estonia",0,2,50,45,1034,1161,-2,0,-5,-127,0.890611541774332
"1817",15460,"Austria","Malta",2,1,15,51,1523,955,1,2,36,568,1.59476439790576
"1818",15460,"Malta","Austria",1,2,51,15,955,1523,-1,0.5,-36,-568,0.627051871306632
"1819",15459,"Serbia","Israel",3,1,17,37,1512,1283,2,3,20,229,1.17848791893998
"1820",15459,"Israel","Serbia",1,3,37,17,1283,1512,-2,0.333333333333333,-20,-229,0.848544973544973
"1821",15456,"Sweden","Slovenia",0,0,13,33,1569,1369,0,NA,20,200,1.14609203798393
"1822",15456,"Slovenia","Sweden",0,0,33,13,1369,1569,0,NA,-20,-200,0.872530274059911
"1823",15455,"Portugal","Norway",3,0,4,23,1666,1452,3,Inf,19,214,1.14738292011019
"1824",15455,"Norway","Portugal",0,3,23,4,1452,1666,-3,0,-19,-214,0.871548619447779
"1825",15454,"Italy","Scotland",1,0,6,25,1642,1441,1,Inf,19,201,1.13948646773074
"1826",15454,"Scotland","Italy",0,1,25,6,1441,1642,-1,0,-19,-201,0.877588306942753
"1827",15453,"Turkey","Montenegro",1,0,18,34,1505,1368,1,Inf,16,137,1.10014619883041
"1828",15453,"Montenegro","Turkey",0,1,34,18,1368,1505,-1,0,-16,-137,0.908970099667774
"1829",15452,"Romania","Ukraine",3,4,24,16,1449,1514,-1,0.75,-8,-65,0.957067371202114
"1830",15452,"Ukraine","Romania",4,3,16,24,1514,1449,1,1.33333333333333,8,65,1.04485852311939
"1831",15450,"Germany","Slovakia",1,3,8,19,1609,1475,-2,0.333333333333333,11,134,1.09084745762712
"1832",15450,"Slovakia","Germany",3,1,19,8,1475,1609,2,3,-11,-134,0.916718458669981
"1833",15447,"Lithuania","Estonia",2,0,48,45,1102,1161,2,Inf,-3,-59,0.949181739879414
"1834",15447,"Estonia","Lithuania",0,2,45,48,1161,1102,-2,0,3,59,1.0535390199637
"1835",15445,"Switzerland","Belgium",1,2,9,1,1606,1783,-1,0.5,-8,-177,0.900729108244532
"1836",15445,"Belgium","Switzerland",2,1,1,9,1783,1606,1,2,8,177,1.11021170610212
"1837",15442,"Northern Ireland","Belarus",3,0,27,38,1425,1276,3,Inf,11,149,1.11677115987461
"1838",15442,"Belarus","Northern Ireland",0,3,38,27,1276,1425,-3,0,-11,-149,0.895438596491228
"1839",15441,"Croatia","Moldova",1,0,10,52,1605,948,1,Inf,42,657,1.69303797468354
"1840",15441,"Moldova","Croatia",0,1,52,10,948,1605,-1,0,-42,-657,0.590654205607477
"1841",15440,"Czech Republic","Malta",6,0,22,51,1458,955,6,Inf,29,503,1.52670157068063
"1842",15440,"Malta","Czech Republic",0,6,51,22,955,1458,-6,0,-29,-503,0.655006858710562
"1843",15439,"Slovakia","Georgia",3,1,19,40,1475,1259,2,3,21,216,1.17156473391581
"1844",15439,"Georgia","Slovakia",1,3,40,19,1259,1475,-2,0.333333333333333,-21,-216,0.853559322033898
"1845",15438,"Azerbaijan","Andorra",0,0,43,50,1168,1034,0,NA,7,134,1.12959381044487
"1846",15438,"Andorra","Azerbaijan",0,0,50,43,1034,1168,0,NA,-7,-134,0.88527397260274
"1847",15436,"Serbia","Cyprus",2,1,17,42,1512,1240,1,2,25,272,1.21935483870968
"1848",15436,"Cyprus","Serbia",1,2,42,17,1240,1512,-1,0.5,-25,-272,0.82010582010582
"1849",15435,"England","Turkey",2,1,3,18,1686,1505,1,2,15,181,1.1202657807309
"1850",15435,"Turkey","England",1,2,18,3,1505,1686,-1,0.5,-15,-181,0.892645314353499
"1851",15433,"France","Russia",4,2,2,21,1757,1462,2,2,19,295,1.20177838577291
"1852",15433,"Russia","France",2,4,21,2,1462,1757,-2,0.5,-19,-295,0.832100170745589
"1853",15432,"England","Netherlands",1,2,3,11,1686,1598,-1,0.5,8,88,1.05506883604506
"1854",15432,"Netherlands","England",2,1,11,3,1598,1686,1,2,-8,-88,0.947805456702254
"1855",15431,"Scotland","Denmark",1,0,25,7,1441,1631,1,Inf,-18,-190,0.883507050889025
"1856",15431,"Denmark","Scotland",0,1,7,25,1631,1441,-1,0,18,190,1.13185287994448
"1857",13870,"Hungary","Lithuania",2,0,20,48,1468,1102,2,Inf,28,366,1.33212341197822
"1858",13870,"Lithuania","Hungary",0,2,48,20,1102,1468,-2,0,-28,-366,0.750681198910082
"1859",13869,"Estonia","Liechtenstein",1,1,45,53,1161,911,0,1,8,250,1.27442371020856
"1860",13869,"Liechtenstein","Estonia",1,1,53,45,911,1161,0,1,-8,-250,0.784668389319552
"1861",13868,"Croatia","Malta",3,0,10,51,1605,955,3,Inf,41,650,1.68062827225131
"1862",13868,"Malta","Croatia",0,3,51,10,955,1605,-3,0,-41,-650,0.595015576323987
"1863",13867,"Finland","San Marino",8,0,30,55,1410,804,8,Inf,25,606,1.75373134328358
"1864",13867,"San Marino","Finland",0,8,55,30,804,1410,-8,0,-25,-606,0.570212765957447
"1865",13865,"Russia","Belgium",0,2,21,1,1462,1783,-2,0,-20,-321,0.819966348850252
"1866",13865,"Belgium","Russia",2,0,1,21,1783,1462,2,Inf,20,321,1.21956224350205
"1867",13863,"Montenegro","Azerbaijan",2,0,34,43,1368,1168,2,Inf,9,200,1.17123287671233
"1868",13863,"Azerbaijan","Montenegro",0,2,43,34,1168,1368,-2,0,-9,-200,0.853801169590643
"1869",13861,"Scotland","Faroe Islands",3,0,25,44,1441,1165,3,Inf,19,276,1.23690987124464
"1870",13861,"Faroe Islands","Scotland",0,3,44,25,1165,1441,-3,0,-19,-276,0.808466342817488
"1871",13858,"Iceland","Portugal",1,3,29,4,1415,1666,-2,0.333333333333333,-25,-251,0.849339735894358
"1872",13858,"Portugal","Iceland",3,1,4,29,1666,1415,2,3,25,251,1.1773851590106
"1873",13857,"France","Luxembourg",2,0,2,41,1757,1244,2,Inf,39,513,1.41237942122186
"1874",13857,"Luxembourg","France",0,2,41,2,1244,1757,-2,0,-39,-513,0.708025042686397
"1875",13856,"England","Montenegro",0,0,3,34,1686,1368,0,NA,31,318,1.23245614035088
"1876",13856,"Montenegro","England",0,0,34,3,1368,1686,0,NA,-31,-318,0.811387900355872
"1877",13855,"Scotland","Spain",2,3,25,5,1441,1648,-1,0.666666666666667,-20,-207,0.874393203883495
"1878",13855,"Spain","Scotland",3,2,5,25,1648,1441,1,1.5,20,207,1.14365024288688
"1879",13854,"Italy","Serbia",3,0,6,17,1642,1512,3,Inf,11,130,1.08597883597884
"1880",13854,"Serbia","Italy",0,3,17,6,1512,1642,-3,0,-11,-130,0.920828258221681
"1881",13853,"Greece","Israel",2,1,28,37,1418,1283,1,2,9,135,1.10522213561964
"1882",13853,"Israel","Greece",1,2,37,28,1283,1418,-1,0.5,-9,-135,0.904795486600846
"1883",13852,"Belgium","Austria",4,4,1,15,1783,1523,0,1,14,260,1.17071569271175
"1884",13852,"Austria","Belgium",4,4,15,1,1523,1783,0,1,-14,-260,0.854178351093662
"1885",13851,"San Marino","Moldova",0,2,55,52,804,948,-2,0,-3,-144,0.848101265822785
"1886",13851,"Moldova","San Marino",2,0,52,55,948,804,2,Inf,3,144,1.17910447761194
"1887",13849,"Estonia","Slovenia",0,1,45,33,1161,1369,-1,0,-12,-208,0.848064280496713
"1888",13849,"Slovenia","Estonia",1,0,33,45,1369,1161,1,Inf,12,208,1.17915590008613
"1889",13847,"Netherlands","Sweden",4,1,11,13,1598,1569,3,4,2,29,1.01848311026131
"1890",13847,"Sweden","Netherlands",1,4,13,11,1569,1598,-3,0.25,-2,-29,0.981852315394243
"1891",13846,"Switzerland","Wales",4,1,9,12,1606,1570,3,4,3,36,1.02292993630573
"1892",13846,"Wales","Switzerland",1,4,12,9,1570,1606,-3,0.25,-3,-36,0.977584059775841
"1893",13845,"Croatia","Norway",2,1,10,23,1605,1452,1,2,13,153,1.10537190082645
"1894",13845,"Norway","Croatia",1,2,23,10,1452,1605,-1,0.5,-13,-153,0.904672897196262
"1895",13844,"Denmark","Cyprus",2,0,7,42,1631,1240,2,Inf,35,391,1.31532258064516
"1896",13844,"Cyprus","Denmark",0,2,42,7,1240,1631,-2,0,-35,-391,0.76026977314531
"1897",13843,"Liechtenstein","Czech Republic",0,2,53,22,911,1458,-2,0,-31,-547,0.62482853223594
"1898",13843,"Czech Republic","Liechtenstein",2,0,22,53,1458,911,2,Inf,31,547,1.60043907793633
"1899",13842,"Belarus","Albania",2,0,38,35,1276,1362,2,Inf,-3,-86,0.936857562408223
"1900",13842,"Albania","Belarus",0,2,35,38,1362,1276,-2,0,3,86,1.06739811912226
"1901",13841,"Latvia","Georgia",1,1,49,40,1081,1259,0,1,-9,-178,0.858617950754567
"1902",13841,"Georgia","Latvia",1,1,40,49,1259,1081,0,1,9,178,1.16466234967623
"1903",13840,"Kazakhstan","Germany",0,3,47,8,1147,1609,-3,0,-39,-462,0.712865133623369
"1904",13840,"Germany","Kazakhstan",3,0,8,47,1609,1147,3,Inf,39,462,1.40278988666085
"1905",13839,"Finland","Hungary",1,2,30,20,1410,1468,-1,0.5,-10,-58,0.960490463215259
"1906",13839,"Hungary","Finland",2,1,20,30,1468,1410,1,2,10,58,1.04113475177305
"1907",13837,"Armenia","Andorra",4,0,39,50,1273,1034,4,Inf,11,239,1.23114119922631
"1908",13837,"Andorra","Armenia",0,4,50,39,1034,1273,-4,0,-11,-239,0.812254516889238
"1909",13836,"Faroe Islands","Northern Ireland",1,1,44,27,1165,1425,0,1,-17,-260,0.817543859649123
"1910",13836,"Northern Ireland","Faroe Islands",1,1,27,44,1425,1165,0,1,17,260,1.22317596566524
"1911",13835,"Azerbaijan","Turkey",1,0,43,18,1168,1505,1,Inf,-25,-337,0.776079734219269
"1912",13835,"Turkey","Azerbaijan",0,1,18,43,1505,1168,-1,0,25,337,1.28852739726027
"1913",13832,"Israel","Croatia",1,2,37,10,1283,1605,-1,0.5,-27,-322,0.799376947040498
"1914",13832,"Croatia","Israel",2,1,10,37,1605,1283,1,2,27,322,1.25097427903352
"1915",13831,"France","Romania",2,0,2,24,1757,1449,2,Inf,22,308,1.21256038647343
"1916",13831,"Romania","France",0,2,24,2,1449,1757,-2,0,-22,-308,0.824701195219124
"1917",13110,"Finland","Israel",2,0,30,37,1410,1283,2,Inf,7,127,1.09898674980514
"1918",13110,"Israel","Finland",0,2,37,30,1283,1410,-2,0,-7,-127,0.909929078014184
"1919",13109,"Kazakhstan","Andorra",3,0,47,50,1147,1034,3,Inf,3,113,1.10928433268859
"1920",13109,"Andorra","Kazakhstan",0,3,50,47,1034,1147,-3,0,-3,-113,0.901482127288579
"1921",13108,"Germany","Spain",0,1,8,5,1609,1648,-1,0,-3,-39,0.976334951456311
"1922",13108,"Spain","Germany",1,0,5,8,1648,1609,1,Inf,3,39,1.02423865755127
"1923",13107,"Russia","Spain",0,3,21,5,1462,1648,-3,0,-16,-186,0.887135922330097
"1924",13107,"Spain","Russia",3,0,5,21,1648,1462,3,Inf,16,186,1.12722298221614
"1925",13106,"Germany","Turkey",3,2,8,18,1609,1505,1,1.5,10,104,1.06910299003322
"1926",13106,"Turkey","Germany",2,3,18,8,1505,1609,-1,0.666666666666667,-10,-104,0.935363579863269
"1927",13105,"Italy","Spain",0,0,6,5,1642,1648,0,NA,-1,-6,0.996359223300971
"1928",13105,"Spain","Italy",0,0,5,6,1648,1642,0,NA,1,6,1.00365408038977
"1929",13104,"Netherlands","Russia",1,3,11,21,1598,1462,-2,0.333333333333333,10,136,1.09302325581395
"1930",13104,"Russia","Netherlands",3,1,21,11,1462,1598,2,3,-10,-136,0.914893617021277
"1931",13103,"Croatia","Turkey",1,1,10,18,1605,1505,0,1,8,100,1.06644518272425
"1932",13103,"Turkey","Croatia",1,1,18,10,1505,1605,0,1,-8,-100,0.937694704049844
"1933",13102,"Portugal","Germany",2,3,4,8,1666,1609,-1,0.666666666666667,4,57,1.03542573026725
"1934",13102,"Germany","Portugal",3,2,8,4,1609,1666,1,1.5,-4,-57,0.96578631452581
"1935",13101,"Russia","Sweden",2,0,21,13,1462,1569,2,Inf,-8,-107,0.931803696622052
"1936",13101,"Sweden","Russia",0,2,13,21,1569,1462,-2,0,8,107,1.07318741450068
"1937",13100,"Greece","Spain",1,2,28,5,1418,1648,-1,0.5,-23,-230,0.860436893203884
"1938",13100,"Spain","Greece",2,1,5,28,1648,1418,1,2,23,230,1.16220028208745
"1939",13099,"Netherlands","Romania",2,0,11,24,1598,1449,2,Inf,13,149,1.10282953761215
"1940",13099,"Romania","Netherlands",0,2,24,11,1449,1598,-2,0,-13,-149,0.906758448060075
"1941",13098,"France","Italy",0,2,2,6,1757,1642,-2,0,4,115,1.0700365408039
"1942",13098,"Italy","France",2,0,6,2,1642,1757,2,Inf,-4,-115,0.934547524188958
"1943",13097,"Croatia","Poland",1,0,10,14,1605,1549,1,Inf,4,56,1.03615235635894
"1944",13097,"Poland","Croatia",0,1,14,10,1549,1605,-1,0,-4,-56,0.965109034267913
"1945",13096,"Austria","Germany",0,1,15,8,1523,1609,-1,0,-7,-86,0.946550652579242
"1946",13096,"Germany","Austria",1,0,8,15,1609,1523,1,Inf,7,86,1.0564674983585
"1947",13095,"Switzerland","Portugal",2,0,9,4,1606,1666,2,Inf,-5,-60,0.963985594237695
"1948",13095,"Portugal","Switzerland",0,2,4,9,1666,1606,-2,0,5,60,1.0373599003736
"1949",13094,"Czech Republic","Turkey",2,3,22,18,1458,1505,-1,0.666666666666667,-4,-47,0.968770764119601
"1950",13094,"Turkey","Czech Republic",3,2,18,22,1505,1458,1,1.5,4,47,1.03223593964335
"1951",13093,"Greece","Russia",0,1,28,21,1418,1462,-1,0,-7,-44,0.969904240766074
"1952",13093,"Russia","Greece",1,0,21,28,1462,1418,1,Inf,7,44,1.03102961918195
"1953",13092,"Spain","Sweden",2,1,5,13,1648,1569,1,2,8,79,1.05035054174634
"1954",13092,"Sweden","Spain",1,2,13,5,1569,1648,-1,0.5,-8,-79,0.952063106796116
"1955",13091,"France","Netherlands",1,4,2,11,1757,1598,-3,0.25,9,159,1.09949937421777
"1956",13091,"Netherlands","France",4,1,11,2,1598,1757,3,4,-9,-159,0.90950483779169
"1957",13090,"Italy","Romania",1,1,6,24,1642,1449,0,1,18,193,1.13319530710835
"1958",13090,"Romania","Italy",1,1,24,6,1449,1642,0,1,-18,-193,0.882460414129111
"1959",13089,"Austria","Poland",1,1,15,14,1523,1549,0,1,-1,-26,0.983214977404777
"1960",13089,"Poland","Austria",1,1,14,15,1549,1523,0,1,1,26,1.01707156927118
"1961",13088,"Croatia","Germany",2,1,10,8,1605,1609,1,2,-2,-4,0.997513983840895
"1962",13088,"Germany","Croatia",1,2,8,10,1609,1605,-1,0.5,2,4,1.00249221183801
"1963",13087,"Switzerland","Turkey",1,2,9,18,1606,1505,-1,0.5,9,101,1.06710963455149
"1964",13087,"Turkey","Switzerland",2,1,18,9,1505,1606,1,2,-9,-101,0.937110834371108
"1965",13086,"Czech Republic","Portugal",1,3,22,4,1458,1666,-2,0.333333333333333,-18,-208,0.87515006002401
"1966",13086,"Portugal","Czech Republic",3,1,4,22,1666,1458,2,3,18,208,1.14266117969822
"1967",13085,"Greece","Sweden",0,2,28,13,1418,1569,-2,0,-15,-151,0.903760356915233
"1968",13085,"Sweden","Greece",2,0,13,28,1569,1418,2,Inf,15,151,1.1064880112835
"1969",13084,"Russia","Spain",1,4,21,5,1462,1648,-3,0.25,-16,-186,0.887135922330097
"1970",13084,"Spain","Russia",4,1,5,21,1648,1462,3,4,16,186,1.12722298221614
"1971",13083,"Italy","Netherlands",0,3,6,11,1642,1598,-3,0,5,44,1.02753441802253
"1972",13083,"Netherlands","Italy",3,0,11,6,1598,1642,3,Inf,-5,-44,0.97320341047503
"1973",13082,"Romania","France",0,0,24,2,1449,1757,0,NA,-22,-308,0.824701195219124
"1974",13082,"France","Romania",0,0,2,24,1757,1449,0,NA,22,308,1.21256038647343
"1975",13081,"Germany","Poland",2,0,8,14,1609,1549,2,Inf,6,60,1.03873466752744
"1976",13081,"Poland","Germany",0,2,14,8,1549,1609,-2,0,-6,-60,0.962709757613424
"1977",13080,"Austria","Croatia",0,1,15,10,1523,1605,-1,0,-5,-82,0.948909657320872
"1978",13080,"Croatia","Austria",1,0,10,15,1605,1523,1,Inf,5,82,1.05384110308601
"1979",13079,"Portugal","Turkey",2,0,4,18,1666,1505,2,Inf,14,161,1.10697674418605
"1980",13079,"Turkey","Portugal",0,2,18,4,1505,1666,-2,0,-14,-161,0.903361344537815
"1981",13078,"Switzerland","Czech Republic",0,1,9,22,1606,1458,-1,0,13,148,1.10150891632373
"1982",13078,"Czech Republic","Switzerland",1,0,22,9,1458,1606,1,Inf,-13,-148,0.907845579078456
"1983",13076,"Andorra","Azerbaijan",1,2,50,43,1034,1168,-1,0.5,-7,-134,0.88527397260274
"1984",13076,"Azerbaijan","Andorra",2,1,43,50,1168,1034,1,2,7,134,1.12959381044487
"1985",13075,"Lithuania","Russia",1,4,48,21,1102,1462,-3,0.25,-27,-360,0.753761969904241
"1986",13075,"Russia","Lithuania",4,1,21,48,1462,1102,3,4,27,360,1.32667876588022
"1987",13074,"Estonia","Faroe Islands",4,3,45,44,1161,1165,1,1.33333333333333,-1,-4,0.99656652360515
"1988",13074,"Faroe Islands","Estonia",3,4,44,45,1165,1161,-1,0.75,1,4,1.00344530577089
"1989",13072,"Finland","Belarus",1,1,30,38,1410,1276,0,1,8,134,1.10501567398119
"1990",13072,"Belarus","Finland",1,1,38,30,1276,1410,0,1,-8,-134,0.904964539007092
"1991",12668,"Cyprus","Bulgaria",0,3,42,36,1240,1339,-3,0,-6,-99,0.926064227035101
"1992",12668,"Bulgaria","Cyprus",3,0,36,42,1339,1240,3,Inf,6,99,1.07983870967742
"1993",12667,"Malta","Austria",1,1,51,15,955,1523,0,1,-36,-568,0.627051871306632
"1994",12667,"Austria","Malta",1,1,15,51,1523,955,0,1,36,568,1.59476439790576
"1995",12666,"Georgia","Turkey",1,0,40,18,1259,1505,1,Inf,-22,-246,0.836544850498339
"1996",12666,"Turkey","Georgia",0,1,18,40,1505,1259,-1,0,22,246,1.19539316918189
"1997",12665,"Israel","Ukraine",1,1,37,16,1283,1514,0,1,-21,-231,0.847424042272127
"1998",12665,"Ukraine","Israel",1,1,16,37,1514,1283,0,1,21,231,1.18004676539361
"1999",12663,"Hungary","Latvia",2,0,20,49,1468,1081,2,Inf,29,387,1.35800185013876
"2000",12663,"Latvia","Hungary",0,2,49,20,1081,1468,-2,0,-29,-387,0.736376021798365
"2001",12662,"Romania","Moldova",2,0,24,52,1449,948,2,Inf,28,501,1.52848101265823
"2002",12662,"Moldova","Romania",0,2,52,24,948,1449,-2,0,-28,-501,0.65424430641822
"2003",12656,"Northern Ireland","Wales",0,0,27,12,1425,1570,0,NA,-15,-145,0.907643312101911
"2004",12656,"Wales","Northern Ireland",0,0,12,27,1570,1425,0,NA,15,145,1.10175438596491
"2005",12653,"Cyprus","Hungary",2,1,42,20,1240,1468,1,2,-22,-228,0.844686648501362
"2006",12653,"Hungary","Cyprus",1,2,20,42,1468,1240,-1,0.5,22,228,1.18387096774194
"2007",12652,"Bulgaria","Latvia",2,0,36,49,1339,1081,2,Inf,13,258,1.23866790009251
"2008",12652,"Latvia","Bulgaria",0,2,49,36,1081,1339,-2,0,-13,-258,0.807318894697535
"2009",12651,"Poland","Estonia",4,0,14,45,1549,1161,4,Inf,31,388,1.33419465977606
"2010",12651,"Estonia","Poland",0,4,45,14,1161,1549,-4,0,-31,-388,0.749515816655907
"2011",12641,"Portugal","Kazakhstan",3,0,4,47,1666,1147,3,Inf,43,519,1.45248474280732
"2012",12641,"Kazakhstan","Portugal",0,3,47,4,1147,1666,-3,0,-43,-519,0.688475390156062
"2013",12640,"France","Greece",1,0,2,28,1757,1418,1,Inf,26,339,1.23906911142454
"2014",12640,"Greece","France",0,1,28,2,1418,1757,-1,0,-26,-339,0.807057484348321
"2015",12639,"Spain","Romania",0,1,5,24,1648,1449,-1,0,19,199,1.13733609385783
"2016",12639,"Romania","Spain",1,0,24,5,1449,1648,1,Inf,-19,-199,0.879247572815534
"2017",12638,"Italy","Turkey",1,1,6,18,1642,1505,0,1,12,137,1.09102990033223
"2018",12638,"Turkey","Italy",1,1,18,6,1505,1642,0,1,-12,-137,0.916565164433618
"2019",12637,"Belgium","Poland",0,1,1,14,1783,1549,-1,0,13,234,1.151065203357
"2020",12637,"Poland","Belgium",1,0,14,1,1549,1783,1,Inf,-13,-234,0.868760515984296
"2021",12633,"Serbia","Norway",1,1,17,23,1512,1452,0,1,6,60,1.04132231404959
"2022",12633,"Norway","Serbia",1,1,23,17,1452,1512,0,1,-6,-60,0.96031746031746
"2023",12632,"Czech Republic","Denmark",1,1,22,7,1458,1631,0,1,-15,-173,0.893930104230533
"2024",12632,"Denmark","Czech Republic",1,1,7,22,1631,1458,0,1,15,173,1.11865569272977
"2025",12590,"Slovenia","Luxembourg",2,0,33,41,1369,1244,2,Inf,8,125,1.10048231511254
"2026",12590,"Luxembourg","Slovenia",0,2,41,33,1244,1369,-2,0,-8,-125,0.908692476260044
"2027",12589,"Serbia","Belgium",1,0,17,1,1512,1783,1,Inf,-16,-271,0.848008973639933
"2028",12589,"Belgium","Serbia",0,1,1,17,1783,1512,-1,0,16,271,1.1792328042328
"2029",12588,"Croatia","Andorra",7,0,10,50,1605,1034,7,Inf,40,571,1.55222437137331
"2030",12588,"Andorra","Croatia",0,7,50,10,1034,1605,-7,0,-40,-571,0.644236760124611
"2031",12587,"Latvia","Iceland",4,0,49,29,1081,1415,4,Inf,-20,-334,0.763957597173145
"2032",12587,"Iceland","Latvia",0,4,29,49,1415,1081,-4,0,20,334,1.30897317298797
"2033",12586,"Sweden","Spain",2,0,13,5,1569,1648,2,Inf,-8,-79,0.952063106796116
"2034",12586,"Spain","Sweden",0,2,5,13,1648,1569,-2,0,8,79,1.05035054174634
"2035",12585,"Denmark","Northern Ireland",0,0,7,27,1631,1425,0,NA,20,206,1.14456140350877
"2036",12585,"Northern Ireland","Denmark",0,0,27,7,1425,1631,0,NA,-20,-206,0.873697118332311
"2037",12584,"Bulgaria","Netherlands",1,1,36,11,1339,1598,0,1,-25,-259,0.837922403003755
"2038",12584,"Netherlands","Bulgaria",1,1,11,36,1598,1339,0,1,25,259,1.19342793129201
"2039",12583,"Germany","Georgia",2,0,8,40,1609,1259,2,Inf,32,350,1.27799841143765
"2040",12583,"Georgia","Germany",0,2,40,8,1259,1609,-2,0,-32,-350,0.78247358607831
"2041",12582,"Hungary","Turkey",0,1,20,18,1468,1505,-1,0,-2,-37,0.975415282392027
"2042",12582,"Turkey","Hungary",1,0,18,20,1505,1468,1,Inf,2,37,1.02520435967302
"2043",12581,"Romania","Belarus",3,1,24,38,1449,1276,2,3,14,173,1.13557993730408
"2044",12581,"Belarus","Romania",1,3,38,24,1276,1449,-2,0.333333333333333,-14,-173,0.880607315389924
"2045",12578,"Armenia","Finland",0,0,39,30,1273,1410,0,NA,-9,-137,0.902836879432624
"2046",12578,"Finland","Armenia",0,0,30,39,1410,1273,0,NA,9,137,1.10761979575805
"2047",12577,"Scotland","France",1,0,25,2,1441,1757,1,Inf,-23,-316,0.820147979510529
"2048",12577,"France","Scotland",0,1,2,25,1757,1441,-1,0,23,316,1.21929215822346
"2049",12575,"Czech Republic","San Marino",7,0,22,55,1458,804,7,Inf,33,654,1.8134328358209
"2050",12575,"San Marino","Czech Republic",0,7,55,22,804,1458,-7,0,-33,-654,0.551440329218107
"2051",12574,"Russia","Israel",1,1,21,37,1462,1283,0,1,16,179,1.13951675759938
"2052",12574,"Israel","Russia",1,1,37,21,1283,1462,0,1,-16,-179,0.877564979480164
"2053",12573,"Kazakhstan","Poland",0,1,47,14,1147,1549,-1,0,-33,-402,0.740477727566172
"2054",12573,"Poland","Kazakhstan",1,0,14,47,1549,1147,1,Inf,33,402,1.35047951176983
"2055",12572,"Wales","Slovakia",1,5,12,19,1570,1475,-4,0.2,7,95,1.06440677966102
"2056",12572,"Slovakia","Wales",5,1,19,12,1475,1570,4,5,-7,-95,0.939490445859873
"2057",12571,"Faroe Islands","Lithuania",0,1,44,48,1165,1102,-1,0,4,63,1.05716878402904
"2058",12571,"Lithuania","Faroe Islands",1,0,48,44,1102,1165,1,Inf,-4,-63,0.945922746781116
"2059",12570,"Liechtenstein","Austria",1,2,53,15,911,1523,-1,0.5,-38,-612,0.598161523309258
"2060",12570,"Austria","Liechtenstein",2,1,15,53,1523,911,1,2,38,612,1.67178924259056
"2061",12569,"Northern Ireland","Spain",3,2,27,5,1425,1648,1,1.5,-22,-223,0.864684466019418
"2062",12569,"Spain","Northern Ireland",2,3,5,27,1648,1425,-1,0.666666666666667,22,223,1.15649122807018
"2063",12567,"France","Italy",3,1,2,6,1757,1642,2,3,4,115,1.0700365408039
"2064",12567,"Italy","France",1,3,6,2,1642,1757,-2,0.333333333333333,-4,-115,0.934547524188958
"2065",12566,"San Marino","Germany",0,13,55,8,804,1609,-13,0,-47,-805,0.499689247980112
"2066",12566,"Germany","San Marino",13,0,8,55,1609,804,13,Inf,47,805,2.00124378109453
"2067",12565,"Netherlands","Belarus",3,0,11,38,1598,1276,3,Inf,27,322,1.25235109717868
"2068",12565,"Belarus","Netherlands",0,3,38,11,1276,1598,-3,0,-27,-322,0.798498122653317
"2069",12564,"Poland","Serbia",1,1,14,17,1549,1512,0,1,3,37,1.0244708994709
"2070",12564,"Serbia","Poland",1,1,17,14,1512,1549,0,1,-3,-37,0.976113621691414
"2071",12560,"Slovakia","Czech Republic",0,3,19,22,1475,1458,-3,0,3,17,1.0116598079561
"2072",12560,"Czech Republic","Slovakia",3,0,22,19,1458,1475,3,Inf,-3,-17,0.988474576271186
"2073",12559,"Iceland","Denmark",0,2,29,7,1415,1631,-2,0,-22,-216,0.867565910484365
"2074",12559,"Denmark","Iceland",2,0,7,29,1631,1415,2,Inf,22,216,1.15265017667845
"2075",12558,"Luxembourg","Latvia",0,0,41,49,1244,1081,0,NA,8,163,1.15078630897317
"2076",12558,"Latvia","Luxembourg",0,0,49,41,1081,1244,0,NA,-8,-163,0.868971061093248
"2077",12557,"Albania","Romania",0,2,35,24,1362,1449,-2,0,-11,-87,0.939958592132505
"2078",12557,"Romania","Albania",2,0,24,35,1449,1362,2,Inf,11,87,1.06387665198238
"2079",12556,"Turkey","Malta",2,0,18,51,1505,955,2,Inf,33,550,1.57591623036649
"2080",12556,"Malta","Turkey",0,2,51,18,955,1505,-2,0,-33,-550,0.634551495016611
"2081",12555,"Sweden","Liechtenstein",3,1,13,53,1569,911,2,3,40,658,1.72228320526894
"2082",12555,"Liechtenstein","Sweden",1,3,53,13,911,1569,-2,0.333333333333333,-40,-658,0.580624601657106
"2083",12554,"Bulgaria","Slovenia",3,0,36,33,1339,1369,3,Inf,-3,-30,0.978086194302411
"2084",12554,"Slovenia","Bulgaria",0,3,33,36,1369,1339,-3,0,3,30,1.02240477968633
"2085",12553,"Finland","Portugal",1,1,30,4,1410,1666,0,1,-26,-256,0.846338535414166
"2086",12553,"Portugal","Finland",1,1,4,30,1666,1410,0,1,26,256,1.18156028368794
"2087",12552,"Israel","Andorra",4,1,37,50,1283,1034,3,4,13,249,1.24081237911025
"2088",12552,"Andorra","Israel",1,4,50,37,1034,1283,-3,0.25,-13,-249,0.805923616523772
"2089",12551,"Norway","Moldova",2,0,23,52,1452,948,2,Inf,29,504,1.53164556962025
"2090",12551,"Moldova","Norway",0,2,52,23,948,1452,-2,0,-29,-504,0.652892561983471
"2091",12550,"Lithuania","Scotland",1,2,48,25,1102,1441,-1,0.5,-23,-339,0.764746703678001
"2092",12550,"Scotland","Lithuania",2,1,25,48,1441,1102,1,2,23,339,1.30762250453721
"2093",12549,"Armenia","Belgium",0,1,39,1,1273,1783,-1,0,-38,-510,0.713965227145261
"2094",12549,"Belgium","Armenia",1,0,1,39,1783,1273,1,Inf,38,510,1.40062843676355
"2095",12548,"Ukraine","Georgia",3,2,16,40,1514,1259,1,1.5,24,255,1.20254169976172
"2096",12548,"Georgia","Ukraine",2,3,40,16,1259,1514,-1,0.666666666666667,-24,-255,0.831571994715984
"2097",12547,"Russia","Croatia",0,0,21,10,1462,1605,0,NA,-11,-143,0.910903426791277
"2098",12547,"Croatia","Russia",0,0,10,21,1605,1462,0,NA,11,143,1.09781121751026
"2099",12546,"Azerbaijan","Kazakhstan",1,1,43,47,1168,1147,0,1,4,21,1.01830863121186
"2100",12546,"Kazakhstan","Azerbaijan",1,1,47,43,1147,1168,0,1,-4,-21,0.982020547945205
"2101",12544,"Spain","Liechtenstein",4,0,5,53,1648,911,4,Inf,48,737,1.80900109769484
"2102",12544,"Liechtenstein","Spain",0,4,53,5,911,1648,-4,0,-48,-737,0.552791262135922
"2103",12543,"Italy","Lithuania",1,1,6,48,1642,1102,0,1,42,540,1.49001814882033
"2104",12543,"Lithuania","Italy",1,1,48,6,1102,1642,0,1,-42,-540,0.671132764920828
"2105",12541,"Luxembourg","Netherlands",0,1,41,11,1244,1598,-1,0,-30,-354,0.778473091364205
"2106",12541,"Netherlands","Luxembourg",1,0,11,41,1598,1244,1,Inf,30,354,1.28456591639871
"2107",12540,"Poland","Finland",1,3,14,30,1549,1410,-2,0.333333333333333,16,139,1.09858156028369
"2108",12540,"Finland","Poland",3,1,30,14,1410,1549,2,3,-16,-139,0.910264686894771
"2109",12539,"Estonia","Israel",0,1,45,37,1161,1283,-1,0,-8,-122,0.904910366328917
"2110",12539,"Israel","Estonia",1,0,37,45,1283,1161,1,Inf,8,122,1.10508182601206
"2111",12538,"Slovakia","Cyprus",6,1,19,42,1475,1240,5,6,23,235,1.18951612903226
"2112",12538,"Cyprus","Slovakia",1,6,42,19,1240,1475,-5,0.166666666666667,-23,-235,0.840677966101695
"2113",12537,"Moldova","Greece",0,1,52,28,948,1418,-1,0,-24,-470,0.668547249647391
"2114",12537,"Greece","Moldova",1,0,28,52,1418,948,1,Inf,24,470,1.4957805907173
"2115",12536,"Serbia","Azerbaijan",1,0,17,43,1512,1168,1,Inf,26,344,1.29452054794521
"2116",12536,"Azerbaijan","Serbia",0,1,43,17,1168,1512,-1,0,-26,-344,0.772486772486772
"2117",12534,"Czech Republic","Wales",2,1,22,12,1458,1570,1,2,-10,-112,0.928662420382166
"2118",12534,"Wales","Czech Republic",1,2,12,22,1570,1458,-1,0.5,10,112,1.07681755829904
"2119",12533,"Latvia","Sweden",0,1,49,13,1081,1569,-1,0,-36,-488,0.688973868706182
"2120",12533,"Sweden","Latvia",1,0,13,49,1569,1081,1,Inf,36,488,1.45143385753932
"2121",12532,"Hungary","Norway",1,4,20,23,1468,1452,-3,0.25,3,16,1.01101928374656
"2122",12532,"Norway","Hungary",4,1,23,20,1452,1468,3,4,-3,-16,0.989100817438692
"2123",12531,"Romania","Bulgaria",2,2,24,36,1449,1339,0,1,12,110,1.08215085884989
"2124",12531,"Bulgaria","Romania",2,2,36,24,1339,1449,0,1,-12,-110,0.924085576259489
"2125",12529,"Belarus","Albania",2,2,38,35,1276,1362,0,1,-3,-86,0.936857562408223
"2126",12529,"Albania","Belarus",2,2,35,38,1362,1276,0,1,3,86,1.06739811912226
"2127",12528,"England","Andorra",5,0,3,50,1686,1034,5,Inf,47,652,1.63056092843327
"2128",12528,"Andorra","England",0,5,50,3,1034,1686,-5,0,-47,-652,0.613285883748517
"2129",12527,"Georgia","France",0,3,40,2,1259,1757,-3,0,-38,-498,0.716562322140011
"2130",12527,"France","Georgia",3,0,2,40,1757,1259,3,Inf,38,498,1.395552025417
"2131",12525,"Northern Ireland","Iceland",0,3,27,29,1425,1415,-3,0,2,10,1.00706713780919
"2132",12525,"Iceland","Northern Ireland",3,0,29,27,1415,1425,3,Inf,-2,-10,0.992982456140351
"2133",12524,"Scotland","Faroe Islands",6,0,25,44,1441,1165,6,Inf,19,276,1.23690987124464
"2134",12524,"Faroe Islands","Scotland",0,6,44,25,1165,1441,-6,0,-19,-276,0.808466342817488
"2135",12523,"Denmark","Portugal",4,2,7,4,1631,1666,2,2,-3,-35,0.978991596638655
"2136",12523,"Portugal","Denmark",2,4,4,7,1666,1631,-2,0.5,3,35,1.02145922746781
"2137",12522,"England","Greece",4,0,3,28,1686,1418,4,Inf,25,268,1.18899858956276
"2138",12522,"Greece","England",0,4,28,3,1418,1686,-4,0,-25,-268,0.841043890865955
"2139",12520,"Italy","Croatia",0,2,6,10,1642,1605,-2,0,4,37,1.02305295950156
"2140",12520,"Croatia","Italy",2,0,10,6,1605,1642,2,Inf,-4,-37,0.977466504263094
"2141",12519,"Germany","Sweden",3,0,8,13,1609,1569,3,Inf,5,40,1.02549394518802
"2142",12519,"Sweden","Germany",0,3,13,8,1569,1609,-3,0,-5,-40,0.97513983840895
"2143",12518,"Belgium","Kazakhstan",0,0,1,47,1783,1147,0,NA,46,636,1.55448997384481
"2144",12518,"Kazakhstan","Belgium",0,0,47,1,1147,1783,0,NA,-46,-636,0.643297812675266
"2145",12517,"San Marino","Albania",0,3,55,35,804,1362,-3,0,-20,-558,0.590308370044053
"2146",12517,"Albania","San Marino",3,0,35,55,1362,804,3,Inf,20,558,1.69402985074627
"2147",12516,"Austria","Hungary",1,2,15,20,1523,1468,-1,0.5,5,55,1.0374659400545
"2148",12516,"Hungary","Austria",2,1,20,15,1468,1523,1,2,-5,-55,0.963887065003283
"2149",12514,"Czech Republic","Serbia",1,3,22,17,1458,1512,-2,0.333333333333333,-5,-54,0.964285714285714
"2150",12514,"Serbia","Czech Republic",3,1,17,22,1512,1458,2,3,5,54,1.03703703703704
"2151",12513,"Liechtenstein","Switzerland",0,3,53,9,911,1606,-3,0,-44,-695,0.567247820672478
"2152",12513,"Switzerland","Liechtenstein",3,0,9,53,1606,911,3,Inf,44,695,1.7628979143798
"2153",12511,"Luxembourg","Turkey",0,1,41,18,1244,1505,-1,0,-23,-261,0.826578073089701
"2154",12511,"Turkey","Luxembourg",1,0,18,41,1505,1244,1,Inf,23,261,1.20980707395498
"2155",12510,"Belarus","Andorra",3,0,38,50,1276,1034,3,Inf,12,242,1.23404255319149
"2156",12510,"Andorra","Belarus",0,3,50,38,1034,1276,-3,0,-12,-242,0.810344827586207
"2157",12509,"Denmark","Poland",2,0,7,14,1631,1549,2,Inf,7,82,1.05293737895416
"2158",12509,"Poland","Denmark",0,2,14,7,1549,1631,-2,0,-7,-82,0.949724095646842
"2159",12508,"Faroe Islands","Georgia",0,6,44,40,1165,1259,-6,0,-4,-94,0.925337569499603
"2160",12508,"Georgia","Faroe Islands",6,0,40,44,1259,1165,6,Inf,4,94,1.08068669527897
"2161",12507,"Romania","Cyprus",2,0,24,42,1449,1240,2,Inf,18,209,1.16854838709677
"2162",12507,"Cyprus","Romania",0,2,42,24,1240,1449,-2,0,-18,-209,0.85576259489303
"2163",12506,"Finland","Northern Ireland",1,2,30,27,1410,1425,-1,0.5,-3,-15,0.989473684210526
"2164",12506,"Northern Ireland","Finland",2,1,27,30,1425,1410,1,2,3,15,1.01063829787234
"2165",12504,"Moldova","Lithuania",3,2,52,48,948,1102,1,1.5,-4,-154,0.860254083484574
"2166",12504,"Lithuania","Moldova",2,3,48,52,1102,948,-1,0.666666666666667,4,154,1.16244725738397
"2167",12503,"Russia","Latvia",1,0,21,49,1462,1081,1,Inf,28,381,1.35245143385754
"2168",12503,"Latvia","Russia",0,1,49,21,1081,1462,-1,0,-28,-381,0.739398084815321
"2169",12502,"Iceland","Spain",0,0,29,5,1415,1648,0,NA,-24,-233,0.858616504854369
"2170",12502,"Spain","Iceland",0,0,5,29,1648,1415,0,NA,24,233,1.16466431095406
"2171",12501,"Wales","Bulgaria",0,0,12,36,1570,1339,0,NA,24,231,1.17251680358476
"2172",12501,"Bulgaria","Wales",0,0,36,12,1339,1570,0,NA,-24,-231,0.852866242038217
"2173",12500,"Slovakia","Malta",3,0,19,51,1475,955,3,Inf,32,520,1.54450261780105
"2174",12500,"Malta","Slovakia",0,3,51,19,955,1475,-3,0,-32,-520,0.647457627118644
"2175",12499,"Slovenia","Israel",1,1,33,37,1369,1283,0,1,4,86,1.06703039750585
"2176",12499,"Israel","Slovenia",1,1,37,33,1283,1369,0,1,-4,-86,0.93718042366691
"2177",12498,"Ukraine","Azerbaijan",6,0,16,43,1514,1168,6,Inf,27,346,1.29623287671233
"2178",12498,"Azerbaijan","Ukraine",0,6,43,16,1168,1514,-6,0,-27,-346,0.771466314398943
"2179",12497,"France","Italy",1,1,2,6,1757,1642,0,1,4,115,1.0700365408039
"2180",12497,"Italy","France",1,1,6,2,1642,1757,0,1,-4,-115,0.934547524188958
"2181",12496,"Germany","Portugal",3,1,8,4,1609,1666,2,3,-4,-57,0.96578631452581
"2182",12496,"Portugal","Germany",1,3,4,8,1666,1609,-2,0.333333333333333,4,57,1.03542573026725
"2183",12495,"France","Portugal",1,0,2,4,1757,1666,1,Inf,2,91,1.0546218487395
"2184",12495,"Portugal","France",0,1,4,2,1666,1757,-1,0,-2,-91,0.948207171314741
"2185",12493,"Germany","Italy",0,2,8,6,1609,1642,-2,0,-2,-33,0.979902557856273
"2186",12493,"Italy","Germany",2,0,6,8,1642,1609,2,Inf,2,33,1.02050963331262
"2187",12490,"England","Portugal",0,0,3,4,1686,1666,0,NA,1,20,1.01200480192077
"2188",12490,"Portugal","England",0,0,4,3,1666,1686,0,NA,-1,-20,0.988137603795967
"2189",12489,"Italy","Ukraine",3,0,6,16,1642,1514,3,Inf,10,128,1.08454425363276
"2190",12489,"Ukraine","Italy",0,3,16,6,1514,1642,-3,0,-10,-128,0.92204628501827
"2191",12487,"France","Spain",3,1,2,5,1757,1648,2,3,3,109,1.06614077669903
"2192",12487,"Spain","France",1,3,5,2,1648,1757,-2,0.333333333333333,-3,-109,0.937962435970404
"2193",12486,"Switzerland","Ukraine",0,0,9,16,1606,1514,0,NA,7,92,1.06076618229855
"2194",12486,"Ukraine","Switzerland",0,0,16,9,1514,1606,0,NA,-7,-92,0.942714819427148
"2195",12484,"Netherlands","Portugal",0,1,11,4,1598,1666,-1,0,-7,-68,0.959183673469388
"2196",12484,"Portugal","Netherlands",1,0,4,11,1666,1598,1,Inf,7,68,1.04255319148936
"2197",12482,"Germany","Sweden",2,0,8,13,1609,1569,2,Inf,5,40,1.02549394518802
"2198",12482,"Sweden","Germany",0,2,13,8,1569,1609,-2,0,-5,-40,0.97513983840895
"2199",12476,"Czech Republic","Italy",0,2,22,6,1458,1642,-2,0,-16,-184,0.887941534713764
"2200",12476,"Italy","Czech Republic",2,0,6,22,1642,1458,2,Inf,16,184,1.12620027434842
"2201",12472,"Sweden","England",2,2,13,3,1569,1686,0,1,-10,-117,0.930604982206406
"2202",12472,"England","Sweden",2,2,3,13,1686,1569,0,1,10,117,1.07456978967495
"2203",12457,"Germany","Poland",1,0,8,14,1609,1549,1,Inf,6,60,1.03873466752744
"2204",12457,"Poland","Germany",0,1,14,8,1549,1609,-1,0,-6,-60,0.962709757613424
"2205",12456,"Spain","Ukraine",4,0,5,16,1648,1514,4,Inf,11,134,1.0885072655218
"2206",12456,"Ukraine","Spain",0,4,16,5,1514,1648,-4,0,-11,-134,0.918689320388349
"2207",12454,"France","Switzerland",0,0,2,9,1757,1606,0,NA,7,151,1.09402241594022
"2208",12454,"Switzerland","France",0,0,9,2,1606,1757,0,NA,-7,-151,0.914058053500285
"2209",12445,"Luxembourg","Ukraine",0,3,41,16,1244,1514,-3,0,-25,-270,0.821664464993395
"2210",12445,"Ukraine","Luxembourg",3,0,16,41,1514,1244,3,Inf,25,270,1.21704180064309
"2211",12443,"Croatia","Spain",1,2,10,5,1605,1648,-1,0.5,-5,-43,0.973907766990291
"2212",12443,"Spain","Croatia",2,1,5,10,1648,1605,1,2,5,43,1.02679127725857
"2213",12435,"Luxembourg","Portugal",0,3,41,4,1244,1666,-3,0,-37,-422,0.746698679471789
"2214",12435,"Portugal","Luxembourg",3,0,4,41,1666,1244,3,Inf,37,422,1.33922829581994
"2215",12434,"Croatia","Poland",0,1,10,14,1605,1549,-1,0,4,56,1.03615235635894
"2216",12434,"Poland","Croatia",1,0,14,10,1549,1605,1,Inf,-4,-56,0.965109034267913
"2217",12390,"Sweden","Finland",0,0,13,30,1569,1410,0,NA,17,159,1.11276595744681
"2218",12390,"Finland","Sweden",0,0,30,13,1410,1569,0,NA,-17,-159,0.898661567877629
"2219",12387,"Belgium","Turkey",3,3,1,18,1783,1505,0,1,17,278,1.18471760797342
"2220",12387,"Turkey","Belgium",3,3,18,1,1505,1783,0,1,-17,-278,0.844083006169377
"2221",12383,"Austria","Croatia",1,4,15,10,1523,1605,-3,0.25,-5,-82,0.948909657320872
"2222",12383,"Croatia","Austria",4,1,10,15,1605,1523,3,4,5,82,1.05384110308601
"2223",12381,"Slovakia","Belgium",1,1,19,1,1475,1783,0,1,-18,-308,0.827257431295569
"2224",12381,"Belgium","Slovakia",1,1,1,19,1783,1475,0,1,18,308,1.20881355932203
"2225",12380,"Moldova","Azerbaijan",0,0,52,43,948,1168,0,NA,-9,-220,0.811643835616438
"2226",12380,"Azerbaijan","Moldova",0,0,43,52,1168,948,0,NA,9,220,1.23206751054852
"2227",12379,"Poland","Faroe Islands",4,0,14,44,1549,1165,4,Inf,30,384,1.32961373390558
"2228",12379,"Faroe Islands","Poland",0,4,44,14,1165,1549,-4,0,-30,-384,0.752098127824403
"2229",12376,"Bulgaria","Scotland",1,5,36,25,1339,1441,-4,0.2,-11,-102,0.929215822345593
"2230",12376,"Scotland","Bulgaria",5,1,25,36,1441,1339,4,5,11,102,1.07617625093353
"2231",12374,"Poland","Lithuania",0,1,14,48,1549,1102,-1,0,34,447,1.40562613430127
"2232",12374,"Lithuania","Poland",1,0,48,14,1102,1549,1,Inf,-34,-447,0.711426726920594
"2233",12373,"Azerbaijan","Turkey",1,1,43,18,1168,1505,0,1,-25,-337,0.776079734219269
"2234",12373,"Turkey","Azerbaijan",1,1,18,43,1505,1168,0,1,25,337,1.28852739726027
"2235",12370,"Albania","Georgia",0,0,35,40,1362,1259,0,NA,5,103,1.08181096108022
"2236",12370,"Georgia","Albania",0,0,40,35,1259,1362,0,NA,-5,-103,0.924375917767988
"2237",12367,"France","Slovakia",1,2,2,19,1757,1475,-1,0.5,17,282,1.19118644067797
"2238",12367,"Slovakia","France",2,1,19,2,1475,1757,1,2,-17,-282,0.839499146272055
"2239",12365,"Italy","Germany",4,1,6,8,1642,1609,3,4,2,33,1.02050963331262
"2240",12365,"Germany","Italy",1,4,8,6,1609,1642,-3,0.25,-2,-33,0.979902557856273
"2241",12364,"Northern Ireland","Estonia",1,0,27,45,1425,1161,1,Inf,18,264,1.22739018087855
"2242",12364,"Estonia","Northern Ireland",0,1,45,27,1161,1425,-1,0,-18,-264,0.814736842105263
"2243",12363,"Scotland","Switzerland",1,3,25,9,1441,1606,-2,0.333333333333333,-16,-165,0.897260273972603
"2244",12363,"Switzerland","Scotland",3,1,9,25,1606,1441,2,3,16,165,1.11450381679389
"2245",12358,"Luxembourg","Belgium",0,2,41,1,1244,1783,-2,0,-40,-539,0.697700504767246
"2246",12358,"Belgium","Luxembourg",2,0,1,41,1783,1244,2,Inf,40,539,1.43327974276527
"2247",12356,"Turkey","Czech Republic",2,2,18,22,1505,1458,0,1,4,47,1.03223593964335
"2248",12356,"Czech Republic","Turkey",2,2,22,18,1458,1505,0,1,-4,-47,0.968770764119601
"2249",12353,"Malta","Georgia",0,2,51,40,955,1259,-2,0,-11,-304,0.758538522637013
"2250",12353,"Georgia","Malta",2,0,40,51,1259,955,2,Inf,11,304,1.31832460732984
"2251",12351,"Israel","Denmark",0,2,37,7,1283,1631,-2,0,-30,-348,0.786633966891478
"2252",12351,"Denmark","Israel",2,0,7,37,1631,1283,2,Inf,30,348,1.27123928293063
"2253",12350,"Albania","Lithuania",1,2,35,48,1362,1102,-1,0.5,13,260,1.23593466424682
"2254",12350,"Lithuania","Albania",2,1,48,35,1102,1362,1,2,-13,-260,0.809104258443465
"2255",12349,"Greece","Kazakhstan",2,0,28,47,1418,1147,2,Inf,19,271,1.23626852659111
"2256",12349,"Kazakhstan","Greece",0,2,47,28,1147,1418,-2,0,-19,-271,0.808885754583921
"2257",12348,"Belarus","Finland",2,2,38,30,1276,1410,0,1,-8,-134,0.904964539007092
"2258",12348,"Finland","Belarus",2,2,30,38,1410,1276,0,1,8,134,1.10501567398119
"2259",12345,"Cyprus","Armenia",2,0,42,39,1240,1273,2,Inf,-3,-33,0.974076983503535
"2260",12345,"Armenia","Cyprus",0,2,39,42,1273,1240,-2,0,3,33,1.02661290322581
"2261",12344,"Romania","Slovenia",2,0,24,33,1449,1369,2,Inf,9,80,1.05843681519357
"2262",12344,"Slovenia","Romania",0,2,33,24,1369,1449,-2,0,-9,-80,0.944789510006901
"2263",12342,"Belarus","Greece",0,1,38,28,1276,1418,-1,0,-10,-142,0.899858956276446
"2264",12342,"Greece","Belarus",1,0,28,38,1418,1276,1,Inf,10,142,1.11128526645768
"2265",12341,"Cyprus","Slovenia",0,1,42,33,1240,1369,-1,0,-9,-129,0.905770635500365
"2266",12341,"Slovenia","Cyprus",1,0,33,42,1369,1240,1,Inf,9,129,1.10403225806452
"2267",12340,"Finland","Kazakhstan",0,0,30,47,1410,1147,0,NA,17,263,1.22929380993897
"2268",12340,"Kazakhstan","Finland",0,0,47,30,1147,1410,0,NA,-17,-263,0.813475177304965
"2269",12339,"Romania","Armenia",2,0,24,39,1449,1273,2,Inf,15,176,1.13825608798115
"2270",12339,"Armenia","Romania",0,2,39,24,1273,1449,-2,0,-15,-176,0.878536922015183
"2271",12338,"Azerbaijan","Ukraine",0,0,43,16,1168,1514,0,NA,-27,-346,0.771466314398943
"2272",12338,"Ukraine","Azerbaijan",0,0,16,43,1514,1168,0,NA,27,346,1.29623287671233
"2273",12315,"Poland","Estonia",3,1,14,45,1549,1161,2,3,31,388,1.33419465977606
"2274",12315,"Estonia","Poland",1,3,45,14,1161,1549,-2,0.333333333333333,-31,-388,0.749515816655907
"2275",12314,"Slovakia","Spain",1,1,19,5,1475,1648,0,1,-14,-173,0.89502427184466
"2276",12314,"Spain","Slovakia",1,1,5,19,1648,1475,0,1,14,173,1.11728813559322
"2277",12313,"Greece","Hungary",2,1,28,20,1418,1468,1,2,-8,-50,0.965940054495913
"2278",12313,"Hungary","Greece",1,2,20,28,1468,1418,-1,0.5,8,50,1.03526093088858
"2279",12312,"Czech Republic","Norway",1,0,22,23,1458,1452,1,Inf,1,6,1.00413223140496
"2280",12312,"Norway","Czech Republic",0,1,23,22,1452,1458,-1,0,-1,-6,0.995884773662551
"2281",12311,"Cyprus","Wales",1,0,42,12,1240,1570,1,Inf,-30,-330,0.789808917197452
"2282",12311,"Wales","Cyprus",0,1,12,42,1570,1240,-1,0,30,330,1.26612903225806
"2283",12144,"Germany","Russia",2,2,8,21,1609,1462,0,1,13,147,1.10054719562244
"2284",12144,"Russia","Germany",2,2,21,8,1462,1609,0,1,-13,-147,0.90863890615289
"2285",12142,"Greece","Ukraine",0,1,28,16,1418,1514,-1,0,-12,-96,0.936591809775429
"2286",12142,"Ukraine","Greece",1,0,16,28,1514,1418,1,Inf,12,96,1.06770098730606
"2287",12141,"Sweden","Norway",2,3,13,23,1569,1452,-1,0.666666666666667,10,117,1.08057851239669
"2288",12141,"Norway","Sweden",3,2,23,13,1452,1569,1,1.5,-10,-117,0.925430210325048
"2289",12140,"Denmark","Albania",3,1,7,35,1631,1362,2,3,28,269,1.19750367107195
"2290",12140,"Albania","Denmark",1,3,35,7,1362,1631,-2,0.333333333333333,-28,-269,0.835070508890251
"2291",12139,"Belarus","Scotland",0,0,38,25,1276,1441,0,NA,-13,-165,0.885496183206107
"2292",12139,"Scotland","Belarus",0,0,25,38,1441,1276,0,NA,13,165,1.12931034482759
"2293",12138,"Finland","Netherlands",0,4,30,11,1410,1598,-4,0,-19,-188,0.882352941176471
"2294",12138,"Netherlands","Finland",4,0,11,30,1598,1410,4,Inf,19,188,1.13333333333333
"2295",12137,"Luxembourg","Slovakia",0,4,41,19,1244,1475,-4,0,-22,-231,0.843389830508475
"2296",12137,"Slovakia","Luxembourg",4,0,19,41,1475,1244,4,Inf,22,231,1.18569131832797
"2297",12136,"Iceland","Malta",4,1,29,51,1415,955,3,4,22,460,1.48167539267016
"2298",12136,"Malta","Iceland",1,4,51,29,955,1415,-3,0.25,-22,-460,0.674911660777385
"2299",12135,"Romania","Armenia",3,0,24,39,1449,1273,3,Inf,15,176,1.13825608798115
"2300",12135,"Armenia","Romania",0,3,39,24,1273,1449,-3,0,-15,-176,0.878536922015183
"2301",12134,"Estonia","Portugal",0,1,45,4,1161,1666,-1,0,-41,-505,0.6968787515006
"2302",12134,"Portugal","Estonia",1,0,4,45,1666,1161,1,Inf,41,505,1.4349698535745
"2303",12133,"Latvia","Liechtenstein",1,0,49,53,1081,911,1,Inf,4,170,1.18660812294182
"2304",12133,"Liechtenstein","Latvia",0,1,53,49,911,1081,-1,0,-4,-170,0.842738205365402
"2305",12132,"Kazakhstan","Turkey",0,6,47,18,1147,1505,-6,0,-29,-358,0.762126245847176
"2306",12132,"Turkey","Kazakhstan",6,0,18,47,1505,1147,6,Inf,29,358,1.31211857018309
"2307",12130,"Spain","Lithuania",1,0,5,48,1648,1102,1,Inf,43,546,1.49546279491833
"2308",12130,"Lithuania","Spain",0,1,48,5,1102,1648,-1,0,-43,-546,0.668689320388349
"2309",12129,"Portugal","Slovakia",2,0,4,19,1666,1475,2,Inf,15,191,1.12949152542373
"2310",12129,"Slovakia","Portugal",0,2,19,4,1475,1666,-2,0,-15,-191,0.885354141656663
"2311",12127,"Norway","Italy",0,0,23,6,1452,1642,0,NA,-17,-190,0.884287454323995
"2312",12127,"Italy","Norway",0,0,6,23,1642,1452,0,NA,17,190,1.13085399449036
"2313",12126,"Northern Ireland","Germany",1,4,27,8,1425,1609,-3,0.25,-19,-184,0.885643256681168
"2314",12126,"Germany","Northern Ireland",4,1,8,27,1609,1425,3,4,19,184,1.12912280701754
"2315",12124,"Netherlands","Romania",2,0,11,24,1598,1449,2,Inf,13,149,1.10282953761215
"2316",12124,"Romania","Netherlands",0,2,24,11,1449,1598,-2,0,-13,-149,0.906758448060075
"2317",12123,"Albania","Georgia",3,2,35,40,1362,1259,1,1.5,5,103,1.08181096108022
"2318",12123,"Georgia","Albania",2,3,40,35,1259,1362,-1,0.666666666666667,-5,-103,0.924375917767988
"2319",12121,"Turkey","Greece",0,0,18,28,1505,1418,0,NA,10,87,1.06135401974612
"2320",12121,"Greece","Turkey",0,0,28,18,1418,1505,0,NA,-10,-87,0.9421926910299
"2321",12120,"Iceland","Hungary",2,3,29,20,1415,1468,-1,0.666666666666667,-9,-53,0.963896457765668
"2322",12120,"Hungary","Iceland",3,2,20,29,1468,1415,1,1.5,9,53,1.03745583038869
"2323",12119,"Belarus","Slovenia",1,1,38,33,1276,1369,0,1,-5,-93,0.932067202337473
"2324",12119,"Slovenia","Belarus",1,1,33,38,1369,1276,0,1,5,93,1.07288401253918
"2325",12118,"Ukraine","Kazakhstan",2,0,16,47,1514,1147,2,Inf,31,367,1.31996512641674
"2326",12118,"Kazakhstan","Ukraine",0,2,47,16,1147,1514,-2,0,-31,-367,0.757595772787318
"2327",12117,"Faroe Islands","Switzerland",1,3,44,9,1165,1606,-2,0.333333333333333,-35,-441,0.725404732254047
"2328",12117,"Switzerland","Faroe Islands",3,1,9,44,1606,1165,2,3,35,441,1.37854077253219
"2329",12116,"Sweden","Malta",6,0,13,51,1569,955,6,Inf,38,614,1.64293193717277
"2330",12116,"Malta","Sweden",0,6,51,13,955,1569,-6,0,-38,-614,0.608667941363926
"2331",12114,"Azerbaijan","Poland",0,3,43,14,1168,1549,-3,0,-29,-381,0.754034861200775
"2332",12114,"Poland","Azerbaijan",3,0,14,43,1549,1168,3,Inf,29,381,1.32619863013699
"2333",12113,"Bulgaria","Croatia",1,3,36,10,1339,1605,-2,0.333333333333333,-26,-266,0.834267912772586
"2334",12113,"Croatia","Bulgaria",3,1,10,36,1605,1339,2,3,26,266,1.19865571321882
"2335",12112,"Estonia","Liechtenstein",2,0,45,53,1161,911,2,Inf,8,250,1.27442371020856
"2336",12112,"Liechtenstein","Estonia",0,2,53,45,911,1161,-2,0,-8,-250,0.784668389319552
"2337",12111,"Czech Republic","Andorra",8,1,22,50,1458,1034,7,8,28,424,1.4100580270793
"2338",12111,"Andorra","Czech Republic",1,8,50,22,1034,1458,-7,0.125,-28,-424,0.709190672153635
"2339",12030,"Azerbaijan","Moldova",0,0,43,52,1168,948,0,NA,9,220,1.23206751054852
"2340",12030,"Moldova","Azerbaijan",0,0,52,43,948,1168,0,NA,-9,-220,0.811643835616438
"2341",12027,"Finland","Latvia",2,1,30,49,1410,1081,1,2,19,329,1.30434782608696
"2342",12027,"Latvia","Finland",1,2,49,30,1081,1410,-1,0.5,-19,-329,0.766666666666667
"2343",12026,"Cyprus","Austria",1,1,42,15,1240,1523,0,1,-27,-283,0.814182534471438
"2344",12026,"Austria","Cyprus",1,1,15,42,1523,1240,0,1,27,283,1.22822580645161
"2345",12010,"Hungary","Estonia",5,0,20,45,1468,1161,5,Inf,25,307,1.26442721791559
"2346",12010,"Estonia","Hungary",0,5,45,20,1161,1468,-5,0,-25,-307,0.790871934604905
"2347",12006,"Hungary","Slovakia",0,1,20,19,1468,1475,-1,0,-1,-7,0.995254237288136
"2348",12006,"Slovakia","Hungary",1,0,19,20,1475,1468,1,Inf,1,7,1.00476839237057
"2349",12002,"Spain","England",1,0,5,3,1648,1686,1,Inf,-2,-38,0.977461447212337
"2350",12002,"England","Spain",0,1,3,5,1686,1648,-1,0,2,38,1.02305825242718
"2351",12001,"France","Poland",0,0,2,14,1757,1549,0,NA,12,208,1.13428018076178
"2352",12001,"Poland","France",0,0,14,2,1549,1757,0,NA,-12,-208,0.881616391576551
"2353",12000,"Scotland","Sweden",1,4,25,13,1441,1569,-3,0.25,-12,-128,0.918419375398343
"2354",12000,"Sweden","Scotland",4,1,13,25,1569,1441,3,4,12,128,1.08882720333102
"2355",11999,"Italy","Finland",1,0,6,30,1642,1410,1,Inf,24,232,1.1645390070922
"2356",11999,"Finland","Italy",0,1,30,6,1410,1642,-1,0,-24,-232,0.858708891595615
"2357",11997,"San Marino","Lithuania",0,1,55,48,804,1102,-1,0,-7,-298,0.729582577132486
"2358",11997,"Lithuania","San Marino",1,0,48,55,1102,804,1,Inf,7,298,1.37064676616915
"2359",11996,"Greece","Kazakhstan",3,1,28,47,1418,1147,2,3,19,271,1.23626852659111
"2360",11996,"Kazakhstan","Greece",1,3,47,28,1147,1418,-2,0.333333333333333,-19,-271,0.808885754583921
"2361",11995,"Andorra","Netherlands",0,3,50,11,1034,1598,-3,0,-39,-564,0.647058823529412
"2362",11995,"Netherlands","Andorra",3,0,11,50,1598,1034,3,Inf,39,564,1.54545454545455
"2363",11993,"Luxembourg","Portugal",0,5,41,4,1244,1666,-5,0,-37,-422,0.746698679471789
"2364",11993,"Portugal","Luxembourg",5,0,4,41,1666,1244,5,Inf,37,422,1.33922829581994
"2365",11992,"Turkey","Ukraine",0,3,18,16,1505,1514,-3,0,-2,-9,0.994055482166446
"2366",11992,"Ukraine","Turkey",3,0,16,18,1514,1505,3,Inf,2,9,1.00598006644518
"2367",11991,"Malta","Hungary",0,2,51,20,955,1468,-2,0,-31,-513,0.650544959128065
"2368",11991,"Hungary","Malta",2,0,20,51,1468,955,2,Inf,31,513,1.53717277486911
"2369",11990,"Liechtenstein","Latvia",1,3,53,49,911,1081,-2,0.333333333333333,-4,-170,0.842738205365402
"2370",11990,"Latvia","Liechtenstein",3,1,49,53,1081,911,2,3,4,170,1.18660812294182
"2371",11989,"Cyprus","Israel",1,2,42,37,1240,1283,-1,0.5,-5,-43,0.966484801247077
"2372",11989,"Israel","Cyprus",2,1,37,42,1283,1240,1,2,5,43,1.03467741935484
"2373",11988,"Georgia","Denmark",2,2,40,7,1259,1631,0,1,-33,-372,0.771919068056407
"2374",11988,"Denmark","Georgia",2,2,7,40,1631,1259,0,1,33,372,1.29547259729944
"2375",11986,"Slovakia","Slovenia",0,0,19,33,1475,1369,0,NA,14,106,1.07742878013148
"2376",11986,"Slovenia","Slovakia",0,0,33,19,1369,1475,0,NA,-14,-106,0.928135593220339
"2377",11985,"Azerbaijan","Bulgaria",0,0,43,36,1168,1339,0,NA,-7,-171,0.872292755787901
"2378",11985,"Bulgaria","Azerbaijan",0,0,36,43,1339,1168,0,NA,7,171,1.14640410958904
"2379",11984,"Russia","Estonia",4,0,21,45,1462,1161,4,Inf,24,301,1.25925925925926
"2380",11984,"Estonia","Russia",0,4,45,21,1161,1462,-4,0,-24,-301,0.794117647058823
"2381",11983,"Armenia","Romania",1,1,39,24,1273,1449,0,1,-15,-176,0.878536922015183
"2382",11983,"Romania","Armenia",1,1,24,39,1449,1273,0,1,15,176,1.13825608798115
"2383",11980,"Portugal","Russia",7,1,4,21,1666,1462,6,7,17,204,1.13953488372093
"2384",11980,"Russia","Portugal",1,7,21,4,1462,1666,-6,0.142857142857143,-17,-204,0.877551020408163
"2385",11979,"Wales","Poland",2,3,12,14,1570,1549,-1,0.666666666666667,2,21,1.0135571336346
"2386",11979,"Poland","Wales",3,2,14,12,1549,1570,1,1.5,-2,-21,0.986624203821656
"2387",11978,"Italy","Belarus",4,3,6,38,1642,1276,1,1.33333333333333,32,366,1.28683385579937
"2388",11978,"Belarus","Italy",3,4,38,6,1276,1642,-1,0.75,-32,-366,0.777101096224117
"2389",11977,"Cyprus","France",0,2,42,2,1240,1757,-2,0,-40,-517,0.7057484348321
"2390",11977,"France","Cyprus",2,0,2,42,1757,1240,2,Inf,40,517,1.41693548387097
"2391",11976,"Northern Ireland","Austria",3,3,27,15,1425,1523,0,1,-12,-98,0.935653315824032
"2392",11976,"Austria","Northern Ireland",3,3,15,27,1523,1425,0,1,12,98,1.06877192982456
"2393",11974,"Netherlands","Finland",3,1,11,30,1598,1410,2,3,19,188,1.13333333333333
"2394",11974,"Finland","Netherlands",1,3,30,11,1410,1598,-2,0.333333333333333,-19,-188,0.882352941176471
"2395",11973,"Lithuania","Spain",0,0,48,5,1102,1648,0,NA,-43,-546,0.668689320388349
"2396",11973,"Spain","Lithuania",0,0,5,48,1648,1102,0,NA,43,546,1.49546279491833
"2397",11972,"Luxembourg","Liechtenstein",0,4,41,53,1244,911,-4,0,12,333,1.3655323819978
"2398",11972,"Liechtenstein","Luxembourg",4,0,53,41,911,1244,4,Inf,-12,-333,0.732315112540193
"2399",11971,"Iceland","Sweden",1,4,29,13,1415,1569,-3,0.25,-16,-154,0.901848311026131
"2400",11971,"Sweden","Iceland",4,1,13,29,1569,1415,3,4,16,154,1.10883392226148
"2401",11970,"Moldova","Scotland",1,1,52,25,948,1441,0,1,-27,-493,0.657876474670368
"2402",11970,"Scotland","Moldova",1,1,25,52,1441,948,0,1,27,493,1.52004219409283
"2403",11969,"Denmark","Turkey",1,1,7,18,1631,1505,0,1,11,126,1.08372093023256
"2404",11969,"Turkey","Denmark",1,1,18,7,1505,1631,0,1,-11,-126,0.92274678111588
"2405",11967,"Norway","Slovenia",3,0,23,33,1452,1369,3,Inf,10,83,1.06062819576333
"2406",11967,"Slovenia","Norway",0,3,33,23,1369,1452,-3,0,-10,-83,0.942837465564738
"2407",11966,"Azerbaijan","England",0,1,43,3,1168,1686,-1,0,-40,-518,0.69276393831554
"2408",11966,"England","Azerbaijan",1,0,3,43,1686,1168,1,Inf,40,518,1.44349315068493
"2409",11965,"Ukraine","Georgia",2,0,16,40,1514,1259,2,Inf,24,255,1.20254169976172
"2410",11965,"Georgia","Ukraine",0,2,40,16,1259,1514,-2,0,-24,-255,0.831571994715984
"2411",11964,"Armenia","Czech Republic",0,3,39,22,1273,1458,-3,0,-17,-185,0.873113854595336
"2412",11964,"Czech Republic","Armenia",3,0,22,39,1458,1273,3,Inf,17,185,1.14532600157109
"2413",11963,"Latvia","Estonia",2,2,49,45,1081,1161,0,1,-4,-80,0.931093884582257
"2414",11963,"Estonia","Latvia",2,2,45,49,1161,1081,0,1,4,80,1.07400555041628
"2415",11962,"Bulgaria","Malta",4,1,36,51,1339,955,3,4,15,384,1.4020942408377
"2416",11962,"Malta","Bulgaria",1,4,51,36,955,1339,-3,0.25,-15,-384,0.713218820014937
"2417",11961,"Kazakhstan","Albania",0,1,47,35,1147,1362,-1,0,-12,-215,0.842143906020558
"2418",11961,"Albania","Kazakhstan",1,0,35,47,1362,1147,1,Inf,12,215,1.18744551002616
"2419",11959,"Spain","Belgium",2,0,5,1,1648,1783,2,Inf,-4,-135,0.924284913067863
"2420",11959,"Belgium","Spain",0,2,1,5,1783,1648,-2,0,4,135,1.08191747572816
"2421",11957,"Slovenia","Italy",1,0,33,6,1369,1642,1,Inf,-27,-273,0.83373934226553
"2422",11957,"Italy","Slovenia",0,1,6,33,1642,1369,-1,0,27,273,1.19941563184806
"2423",11956,"Albania","Denmark",0,2,35,7,1362,1631,-2,0,-28,-269,0.835070508890251
"2424",11956,"Denmark","Albania",2,0,7,35,1631,1362,2,Inf,28,269,1.19750367107195
"2425",11955,"Austria","Poland",1,3,15,14,1523,1549,-2,0.333333333333333,-1,-26,0.983214977404777
"2426",11955,"Poland","Austria",3,1,14,15,1549,1523,2,3,1,26,1.01707156927118
"2427",11953,"Croatia","Bulgaria",2,2,10,36,1605,1339,0,1,26,266,1.19865571321882
"2428",11953,"Bulgaria","Croatia",2,2,36,10,1339,1605,0,1,-26,-266,0.834267912772586
"2429",11951,"Israel","Switzerland",2,2,37,9,1283,1606,0,1,-28,-323,0.798879202988792
"2430",11951,"Switzerland","Israel",2,2,9,37,1606,1283,0,1,28,323,1.25175370226033
"2431",11830,"Portugal","Greece",1,2,4,28,1666,1418,-1,0.5,24,248,1.17489421720733
"2432",11830,"Greece","Portugal",2,1,28,4,1418,1666,1,2,-24,-248,0.851140456182473
"2433",11827,"France","Ukraine",1,0,2,16,1757,1514,1,Inf,14,243,1.16050198150594
"2434",11827,"Ukraine","France",0,1,16,2,1514,1757,-1,0,-14,-243,0.861696072851451
"2435",11826,"Germany","Hungary",0,2,8,20,1609,1468,-2,0,12,141,1.09604904632153
"2436",11826,"Hungary","Germany",2,0,20,8,1468,1609,2,Inf,-12,-141,0.912367930391548
"2437",11825,"Czech Republic","Estonia",2,0,22,45,1458,1161,2,Inf,23,297,1.25581395348837
"2438",11825,"Estonia","Czech Republic",0,2,45,22,1161,1458,-2,0,-23,-297,0.796296296296296
"2439",11824,"Switzerland","Liechtenstein",1,0,9,53,1606,911,1,Inf,44,695,1.7628979143798
"2440",11824,"Liechtenstein","Switzerland",0,1,53,9,911,1606,-1,0,-44,-695,0.567247820672478
"2441",11823,"Latvia","Azerbaijan",2,2,49,43,1081,1168,0,1,-6,-87,0.925513698630137
"2442",11823,"Azerbaijan","Latvia",2,2,43,49,1168,1081,0,1,6,87,1.08048103607771
"2443",11822,"Spain","Andorra",4,0,5,50,1648,1034,4,Inf,45,614,1.59381044487427
"2444",11822,"Andorra","Spain",0,4,50,5,1034,1648,-4,0,-45,-614,0.627427184466019
"2445",11821,"Portugal","Lithuania",4,1,4,48,1666,1102,3,4,44,564,1.51179673321234
"2446",11821,"Lithuania","Portugal",1,4,48,4,1102,1666,-3,0.25,-44,-564,0.661464585834334
"2447",11819,"Sweden","Poland",3,1,13,14,1569,1549,2,3,1,20,1.01291155584248
"2448",11819,"Poland","Sweden",1,3,14,13,1549,1569,-2,0.333333333333333,-1,-20,0.987253027405991
"2449",11818,"Denmark","Croatia",1,2,7,10,1631,1605,-1,0.5,3,26,1.01619937694704
"2450",11818,"Croatia","Denmark",2,1,10,7,1605,1631,1,2,-3,-26,0.98405885959534
"2451",11817,"England","Iceland",6,1,3,29,1686,1415,5,6,26,271,1.19151943462898
"2452",11817,"Iceland","England",1,6,29,3,1415,1686,-5,0.166666666666667,-26,-271,0.83926453143535
"2453",11815,"Liechtenstein","Greece",0,2,53,28,911,1418,-2,0,-25,-507,0.642454160789845
"2454",11815,"Greece","Liechtenstein",2,0,28,53,1418,911,2,Inf,25,507,1.55653128430296
"2455",11812,"Switzerland","Germany",0,2,9,8,1606,1609,-2,0,-1,-3,0.998135487880671
"2456",11812,"Germany","Switzerland",2,0,8,9,1609,1606,2,Inf,1,3,1.00186799501868
"2457",11811,"Czech Republic","Bulgaria",3,1,22,36,1458,1339,2,3,14,119,1.08887229275579
"2458",11811,"Bulgaria","Czech Republic",1,3,36,22,1339,1458,-2,0.333333333333333,-14,-119,0.91838134430727
"2459",11808,"Netherlands","Faroe Islands",3,0,11,44,1598,1165,3,Inf,33,433,1.37167381974249
"2460",11808,"Faroe Islands","Netherlands",0,3,44,11,1165,1598,-3,0,-33,-433,0.729036295369212
"2461",11804,"Estonia","Denmark",2,2,45,7,1161,1631,0,1,-38,-470,0.711833231146536
"2462",11804,"Denmark","Estonia",2,2,7,45,1631,1161,0,1,38,470,1.40482342807924
"2463",11800,"Netherlands","Belgium",0,1,11,1,1598,1783,-1,0,-10,-185,0.896242288278183
"2464",11800,"Belgium","Netherlands",1,0,1,11,1783,1598,1,Inf,10,185,1.11576971214018
"2465",11799,"Portugal","Luxembourg",3,0,4,41,1666,1244,3,Inf,37,422,1.33922829581994
"2466",11799,"Luxembourg","Portugal",0,3,41,4,1244,1666,-3,0,-37,-422,0.746698679471789
"2467",11798,"Croatia","Slovakia",1,0,10,19,1605,1475,1,Inf,9,130,1.08813559322034
"2468",11798,"Slovakia","Croatia",0,1,19,10,1475,1605,-1,0,-9,-130,0.919003115264797
"2469",11797,"Poland","Greece",1,0,14,28,1549,1418,1,Inf,14,131,1.09238363892807
"2470",11797,"Greece","Poland",0,1,28,14,1418,1549,-1,0,-14,-131,0.915429309231762
"2471",11795,"Finland","Sweden",1,3,30,13,1410,1569,-2,0.333333333333333,-17,-159,0.898661567877629
"2472",11795,"Sweden","Finland",3,1,13,30,1569,1410,2,3,17,159,1.11276595744681
"2473",11794,"France","Andorra",4,0,2,50,1757,1034,4,Inf,48,723,1.69922630560928
"2474",11794,"Andorra","France",0,4,50,2,1034,1757,-4,0,-48,-723,0.5885031303358
"2475",11791,"Estonia","Scotland",0,1,45,25,1161,1441,-1,0,-20,-280,0.805690492713393
"2476",11791,"Scotland","Estonia",1,0,25,45,1441,1161,1,Inf,20,280,1.2411714039621
"2477",11709,"Hungary","Armenia",2,0,20,39,1468,1273,2,Inf,19,195,1.15318146111548
"2478",11709,"Armenia","Hungary",0,2,39,20,1273,1468,-2,0,-19,-195,0.86716621253406
"2479",11707,"Estonia","Moldova",1,0,45,52,1161,948,1,Inf,7,213,1.2246835443038
"2480",11707,"Moldova","Estonia",0,1,52,45,948,1161,-1,0,-7,-213,0.816537467700258
"2481",11706,"Kazakhstan","Latvia",1,3,47,49,1147,1081,-2,0.333333333333333,2,66,1.06105457909343
"2482",11706,"Latvia","Kazakhstan",3,1,49,47,1081,1147,2,3,-2,-66,0.942458587619878
"2483",11705,"Cyprus","Belarus",0,2,42,38,1240,1276,-2,0,-4,-36,0.971786833855799
"2484",11705,"Belarus","Cyprus",2,0,38,42,1276,1240,2,Inf,4,36,1.02903225806452
"2485",11704,"Georgia","Romania",0,3,40,24,1259,1449,-3,0,-16,-190,0.868875086266391
"2486",11704,"Romania","Georgia",3,0,24,40,1449,1259,3,Inf,16,190,1.15091342335187
"2487",11703,"Israel","Azerbaijan",6,0,37,43,1283,1168,6,Inf,6,115,1.09845890410959
"2488",11703,"Azerbaijan","Israel",0,6,43,37,1168,1283,-6,0,-6,-115,0.910366328916602
"2489",11700,"Malta","Estonia",5,2,51,45,955,1161,3,2.5,-6,-206,0.822566752799311
"2490",11700,"Estonia","Malta",2,5,45,51,1161,955,-3,0.4,6,206,1.21570680628272
"2491",11699,"Malta","Moldova",0,0,51,52,955,948,0,NA,1,7,1.00738396624473
"2492",11699,"Moldova","Malta",0,0,52,51,948,955,0,NA,-1,-7,0.992670157068063
"2493",11691,"Norway","Sweden",3,0,23,13,1452,1569,3,Inf,-10,-117,0.925430210325048
"2494",11691,"Sweden","Norway",0,3,13,23,1569,1452,-3,0,10,117,1.08057851239669
"2495",11684,"Lithuania","Poland",1,3,48,14,1102,1549,-2,0.333333333333333,-34,-447,0.711426726920594
"2496",11684,"Poland","Lithuania",3,1,14,48,1549,1102,2,3,34,447,1.40562613430127
"2497",11683,"Malta","Poland",0,4,51,14,955,1549,-4,0,-37,-594,0.616526791478373
"2498",11683,"Poland","Malta",4,0,14,51,1549,955,4,Inf,37,594,1.62198952879581
"2499",11682,"Luxembourg","Moldova",1,2,41,52,1244,948,-1,0.5,11,296,1.31223628691983
"2500",11682,"Moldova","Luxembourg",2,1,52,41,948,1244,1,2,-11,-296,0.762057877813505
"2501",11678,"Netherlands","Scotland",6,0,11,25,1598,1441,6,Inf,14,157,1.1089521165857
"2502",11678,"Scotland","Netherlands",0,6,25,11,1441,1598,-6,0,-14,-157,0.901752190237797
"2503",11677,"Wales","Russia",0,1,12,21,1570,1462,-1,0,9,108,1.07387140902873
"2504",11677,"Russia","Wales",1,0,21,12,1462,1570,1,Inf,-9,-108,0.931210191082803
"2505",11676,"Turkey","Latvia",2,2,18,49,1505,1081,0,1,31,424,1.39222941720629
"2506",11676,"Latvia","Turkey",2,2,49,18,1081,1505,0,1,-31,-424,0.718272425249169
"2507",11675,"Norway","Spain",0,3,23,5,1452,1648,-3,0,-18,-196,0.881067961165049
"2508",11675,"Spain","Norway",3,0,5,23,1648,1452,3,Inf,18,196,1.13498622589532
"2509",11674,"Slovenia","Croatia",0,1,33,10,1369,1605,-1,0,-23,-236,0.852959501557632
"2510",11674,"Croatia","Slovenia",1,0,10,33,1605,1369,1,Inf,23,236,1.17238860482104
"2511",11673,"Hungary","Estonia",0,1,20,45,1468,1161,-1,0,25,307,1.26442721791559
"2512",11673,"Estonia","Hungary",1,0,45,20,1161,1468,1,Inf,-25,-307,0.790871934604905
"2513",11669,"Italy","Romania",1,0,6,24,1642,1449,1,Inf,18,193,1.13319530710835
"2514",11669,"Romania","Italy",0,1,24,6,1449,1642,-1,0,-18,-193,0.882460414129111
"2515",11667,"England","Denmark",2,3,3,7,1686,1631,-1,0.666666666666667,4,55,1.0337216431637
"2516",11667,"Denmark","England",3,2,7,3,1631,1686,1,1.5,-4,-55,0.967378410438909
"2517",11665,"Portugal","Greece",1,1,4,28,1666,1418,0,1,24,248,1.17489421720733
"2518",11665,"Greece","Portugal",1,1,28,4,1418,1666,0,1,-24,-248,0.851140456182473
"2519",11664,"Spain","Norway",2,1,5,23,1648,1452,1,2,18,196,1.13498622589532
"2520",11664,"Norway","Spain",1,2,23,5,1452,1648,-1,0.5,-18,-196,0.881067961165049
"2521",11663,"Germany","France",0,3,8,2,1609,1757,-3,0,-6,-148,0.915765509391007
"2522",11663,"France","Germany",3,0,2,8,1757,1609,3,Inf,6,148,1.09198259788689
"2523",11662,"Latvia","Turkey",1,0,49,18,1081,1505,1,Inf,-31,-424,0.718272425249169
"2524",11662,"Turkey","Latvia",0,1,18,49,1505,1081,-1,0,31,424,1.39222941720629
"2525",11661,"Croatia","Slovenia",1,1,10,33,1605,1369,0,1,23,236,1.17238860482104
"2526",11661,"Slovenia","Croatia",1,1,33,10,1369,1605,0,1,-23,-236,0.852959501557632
"2527",11660,"Russia","Wales",0,0,21,12,1462,1570,0,NA,-9,-108,0.931210191082803
"2528",11660,"Wales","Russia",0,0,12,21,1570,1462,0,NA,9,108,1.07387140902873
"2529",11659,"Albania","Estonia",2,0,35,45,1362,1161,2,Inf,10,201,1.17312661498708
"2530",11659,"Estonia","Albania",0,2,45,35,1161,1362,-2,0,-10,-201,0.852422907488987
"2531",11658,"Scotland","Netherlands",1,0,25,11,1441,1598,1,Inf,-14,-157,0.901752190237797
"2532",11658,"Netherlands","Scotland",0,1,11,25,1598,1441,-1,0,14,157,1.1089521165857
"2533",11657,"Poland","Italy",3,1,14,6,1549,1642,2,3,-8,-93,0.943361753958587
"2534",11657,"Italy","Poland",1,3,6,14,1642,1549,-2,0.333333333333333,8,93,1.06003873466753
"2535",11655,"Portugal","Albania",5,3,4,35,1666,1362,2,1.66666666666667,31,304,1.22320117474302
"2536",11655,"Albania","Portugal",3,5,35,4,1362,1666,-2,0.6,-31,-304,0.817527010804322
"2537",11654,"Italy","Azerbaijan",4,0,6,43,1642,1168,4,Inf,37,474,1.40582191780822
"2538",11654,"Azerbaijan","Italy",0,4,43,6,1168,1642,-4,0,-37,-474,0.711327649208283
"2539",11653,"France","Israel",3,0,2,37,1757,1283,3,Inf,35,474,1.36944660950896
"2540",11653,"Israel","France",0,3,37,2,1283,1757,-3,0,-35,-474,0.730221969265794
"2541",11651,"Netherlands","Moldova",5,0,11,52,1598,948,5,Inf,41,650,1.68565400843882
"2542",11651,"Moldova","Netherlands",0,5,52,11,948,1598,-5,0,-41,-650,0.593241551939925
"2543",11650,"Belgium","Estonia",2,0,1,45,1783,1161,2,Inf,44,622,1.53574504737295
"2544",11650,"Estonia","Belgium",0,2,45,1,1161,1783,-2,0,-44,-622,0.651149747616377
"2545",11649,"Croatia","Bulgaria",1,0,10,36,1605,1339,1,Inf,26,266,1.19865571321882
"2546",11649,"Bulgaria","Croatia",0,1,36,10,1339,1605,-1,0,-26,-266,0.834267912772586
"2547",11648,"Liechtenstein","Slovakia",0,2,53,19,911,1475,-2,0,-34,-564,0.617627118644068
"2548",11648,"Slovakia","Liechtenstein",2,0,19,53,1475,911,2,Inf,34,564,1.61909989023052
"2549",11647,"Turkey","England",0,0,18,3,1505,1686,0,NA,-15,-181,0.892645314353499
"2550",11647,"England","Turkey",0,0,3,18,1686,1505,0,NA,15,181,1.1202657807309
"2551",11646,"Cyprus","Slovenia",2,2,42,33,1240,1369,0,1,-9,-129,0.905770635500365
"2552",11646,"Slovenia","Cyprus",2,2,33,42,1369,1240,0,1,9,129,1.10403225806452
"2553",11645,"Norway","Luxembourg",1,0,23,41,1452,1244,1,Inf,18,208,1.16720257234727
"2554",11645,"Luxembourg","Norway",0,1,41,23,1244,1452,-1,0,-18,-208,0.856749311294766
"2555",11643,"Greece","Northern Ireland",1,0,28,27,1418,1425,1,Inf,-1,-7,0.995087719298246
"2556",11643,"Northern Ireland","Greece",0,1,27,28,1425,1418,-1,0,1,7,1.0049365303244
"2557",11641,"Armenia","Spain",0,4,39,5,1273,1648,-4,0,-34,-375,0.77245145631068
"2558",11641,"Spain","Armenia",4,0,5,39,1648,1273,4,Inf,34,375,1.29457973291438
"2559",11640,"Russia","Georgia",3,1,21,40,1462,1259,2,3,19,203,1.16123907863384
"2560",11640,"Georgia","Russia",1,3,40,21,1259,1462,-2,0.333333333333333,-19,-203,0.861149110807114
"2561",11638,"Sweden","Latvia",0,1,13,49,1569,1081,-1,0,36,488,1.45143385753932
"2562",11638,"Latvia","Sweden",1,0,49,13,1081,1569,1,Inf,-36,-488,0.688973868706182
"2563",11637,"Hungary","Poland",1,2,20,14,1468,1549,-1,0.5,-6,-81,0.94770819883796
"2564",11637,"Poland","Hungary",2,1,14,20,1549,1468,1,2,6,81,1.05517711171662
"2565",11636,"Scotland","Lithuania",1,0,25,48,1441,1102,1,Inf,23,339,1.30762250453721
"2566",11636,"Lithuania","Scotland",0,1,48,25,1102,1441,-1,0,-23,-339,0.764746703678001
"2567",11635,"Austria","Czech Republic",2,3,15,22,1523,1458,-1,0.666666666666667,7,65,1.04458161865569
"2568",11635,"Czech Republic","Austria",3,2,22,15,1458,1523,1,1.5,-7,-65,0.957321076822062
"2569",11634,"Germany","Iceland",3,0,8,29,1609,1415,3,Inf,21,194,1.13710247349823
"2570",11634,"Iceland","Germany",0,3,29,8,1415,1609,-3,0,-21,-194,0.879428216283406
"2571",11631,"Spain","Ukraine",2,1,5,16,1648,1514,1,2,11,134,1.0885072655218
"2572",11631,"Ukraine","Spain",1,2,16,5,1514,1648,-1,0.5,-11,-134,0.918689320388349
"2573",10510,"Cyprus","Armenia",3,2,42,39,1240,1273,1,1.5,-3,-33,0.974076983503535
"2574",10510,"Armenia","Cyprus",2,3,39,42,1273,1240,-1,0.666666666666667,3,33,1.02661290322581
"2575",10508,"Faroe Islands","Iceland",2,3,44,29,1165,1415,-1,0.666666666666667,-15,-250,0.823321554770318
"2576",10508,"Iceland","Faroe Islands",3,2,29,44,1415,1165,1,1.5,15,250,1.21459227467811
"2577",10507,"Lithuania","Moldova",1,2,48,52,1102,948,-1,0.5,4,154,1.16244725738397
"2578",10507,"Moldova","Lithuania",2,1,52,48,948,1102,1,2,-4,-154,0.860254083484574
"2579",10506,"Georgia","Romania",1,1,40,24,1259,1449,0,1,-16,-190,0.868875086266391
"2580",10506,"Romania","Georgia",1,1,24,40,1449,1259,0,1,16,190,1.15091342335187
"2581",10505,"Latvia","Romania",0,2,49,24,1081,1449,-2,0,-25,-368,0.746031746031746
"2582",10505,"Romania","Latvia",2,0,24,49,1449,1081,2,Inf,25,368,1.34042553191489
"2583",10503,"Cyprus","Lithuania",2,1,42,48,1240,1102,1,2,6,138,1.12522686025408
"2584",10503,"Lithuania","Cyprus",1,2,48,42,1102,1240,-1,0.5,-6,-138,0.888709677419355
"2585",10502,"Armenia","Moldova",2,1,39,52,1273,948,1,2,13,325,1.34282700421941
"2586",10502,"Moldova","Armenia",1,2,52,39,948,1273,-1,0.5,-13,-325,0.744697564807541
"2587",10501,"Finland","Iceland",0,1,30,29,1410,1415,-1,0,-1,-5,0.996466431095406
"2588",10501,"Iceland","Finland",1,0,29,30,1415,1410,1,Inf,1,5,1.00354609929078
"2589",10499,"Iceland","Norway",0,0,29,23,1415,1452,0,NA,-6,-37,0.974517906336088
"2590",10499,"Norway","Iceland",0,0,23,29,1452,1415,0,NA,6,37,1.02614840989399
"2591",10498,"Faroe Islands","Finland",0,1,44,30,1165,1410,-1,0,-14,-245,0.826241134751773
"2592",10498,"Finland","Faroe Islands",1,0,30,44,1410,1165,1,Inf,14,245,1.21030042918455
"2593",10496,"Spain","Poland",3,0,5,14,1648,1549,3,Inf,9,99,1.06391220142027
"2594",10496,"Poland","Spain",0,3,14,5,1549,1648,-3,0,-9,-99,0.939927184466019
"2595",10492,"Greece","Estonia",2,2,28,45,1418,1161,0,1,17,257,1.2213608957795
"2596",10492,"Estonia","Greece",2,2,45,28,1161,1418,0,1,-17,-257,0.818758815232722
"2597",10491,"Greece","Moldova",2,0,28,52,1418,948,2,Inf,24,470,1.4957805907173
"2598",10491,"Moldova","Greece",0,2,52,28,948,1418,-2,0,-24,-470,0.668547249647391
"2599",10482,"England","Scotland",0,1,3,25,1686,1441,-1,0,22,245,1.17002081887578
"2600",10482,"Scotland","England",1,0,25,3,1441,1686,1,Inf,-22,-245,0.854685646500593
"2601",10481,"Denmark","Israel",3,0,7,37,1631,1283,3,Inf,30,348,1.27123928293063
"2602",10481,"Israel","Denmark",0,3,37,7,1283,1631,-3,0,-30,-348,0.786633966891478
"2603",10479,"Ukraine","Slovenia",1,1,16,33,1514,1369,0,1,17,145,1.10591672753835
"2604",10479,"Slovenia","Ukraine",1,1,33,16,1369,1514,0,1,-17,-145,0.904227212681638
"2605",10477,"Greece","Bulgaria",1,0,28,36,1418,1339,1,Inf,8,79,1.05899925317401
"2606",10477,"Bulgaria","Greece",0,1,36,28,1339,1418,-1,0,-8,-79,0.944287729196051
"2607",10476,"Norway","Germany",0,1,23,8,1452,1609,-1,0,-15,-157,0.902423865755127
"2608",10476,"Germany","Norway",1,0,8,23,1609,1452,1,Inf,15,157,1.10812672176309
"2609",10475,"France","Croatia",3,0,2,10,1757,1605,3,Inf,8,152,1.09470404984424
"2610",10475,"Croatia","France",0,3,10,2,1605,1757,-3,0,-8,-152,0.91348890153671
"2611",10474,"Netherlands","Czech Republic",1,1,11,22,1598,1458,0,1,11,140,1.0960219478738
"2612",10474,"Czech Republic","Netherlands",1,1,22,11,1458,1598,0,1,-11,-140,0.912390488110138
"2613",10473,"Italy","Belgium",1,3,6,1,1642,1783,-2,0.333333333333333,-5,-141,0.920919798093102
"2614",10473,"Belgium","Italy",3,1,1,6,1783,1642,2,3,5,141,1.08587088915956
"2615",10430,"Switzerland","Belarus",2,0,9,38,1606,1276,2,Inf,29,330,1.25862068965517
"2616",10430,"Belarus","Switzerland",0,2,38,9,1276,1606,-2,0,-29,-330,0.794520547945205
"2617",10429,"Romania","Portugal",1,1,24,4,1449,1666,0,1,-20,-217,0.869747899159664
"2618",10429,"Portugal","Romania",1,1,4,24,1666,1449,0,1,20,217,1.14975845410628
"2619",10428,"Luxembourg","Sweden",0,1,41,13,1244,1569,-1,0,-28,-325,0.792861695347355
"2620",10428,"Sweden","Luxembourg",1,0,13,41,1569,1244,1,Inf,28,325,1.2612540192926
"2621",10427,"Iceland","Ukraine",0,1,29,16,1415,1514,-1,0,-13,-99,0.934610303830911
"2622",10427,"Ukraine","Iceland",1,0,16,29,1514,1415,1,Inf,13,99,1.06996466431095
"2623",10426,"Moldova","Turkey",1,1,52,18,948,1505,0,1,-34,-557,0.629900332225914
"2624",10426,"Turkey","Moldova",1,1,18,52,1505,948,0,1,34,557,1.58755274261603
"2625",10425,"Norway","Slovenia",4,0,23,33,1452,1369,4,Inf,10,83,1.06062819576333
"2626",10425,"Slovenia","Norway",0,4,33,23,1369,1452,-4,0,-10,-83,0.942837465564738
"2627",10424,"Andorra","Russia",1,2,50,21,1034,1462,-1,0.5,-29,-428,0.707250341997264
"2628",10424,"Russia","Andorra",2,1,21,50,1462,1034,1,2,29,428,1.41392649903288
"2629",10422,"Faroe Islands","Lithuania",0,1,44,48,1165,1102,-1,0,4,63,1.05716878402904
"2630",10422,"Lithuania","Faroe Islands",1,0,48,44,1102,1165,1,Inf,-4,-63,0.945922746781116
"2631",10421,"Armenia","France",2,3,39,2,1273,1757,-1,0.666666666666667,-37,-484,0.724530449630051
"2632",10421,"France","Armenia",3,2,2,39,1757,1273,1,1.5,37,484,1.38020424194815
"2633",10420,"Israel","San Marino",8,0,37,55,1283,804,8,Inf,18,479,1.59577114427861
"2634",10420,"San Marino","Israel",0,8,55,37,804,1283,-8,0,-18,-479,0.626656274356976
"2635",10419,"Estonia","Scotland",0,0,45,25,1161,1441,0,NA,-20,-280,0.805690492713393
"2636",10419,"Scotland","Estonia",0,0,25,45,1441,1161,0,NA,20,280,1.2411714039621
"2637",10417,"Georgia","Latvia",2,2,40,49,1259,1081,0,1,9,178,1.16466234967623
"2638",10417,"Latvia","Georgia",2,2,49,40,1081,1259,0,1,-9,-178,0.858617950754567
"2639",10416,"Slovakia","Liechtenstein",2,0,19,53,1475,911,2,Inf,34,564,1.61909989023052
"2640",10416,"Liechtenstein","Slovakia",0,2,53,19,911,1475,-2,0,-34,-564,0.617627118644068
"2641",10413,"Cyprus","Israel",3,2,42,37,1240,1283,1,1.5,-5,-43,0.966484801247077
"2642",10413,"Israel","Cyprus",2,3,37,42,1283,1240,-1,0.666666666666667,5,43,1.03467741935484
"2643",10411,"Netherlands","Belgium",5,5,11,1,1598,1783,0,1,-10,-185,0.896242288278183
"2644",10411,"Belgium","Netherlands",5,5,1,11,1783,1598,0,1,10,185,1.11576971214018
"2645",10409,"Liechtenstein","Hungary",0,0,53,20,911,1468,0,NA,-33,-557,0.620572207084469
"2646",10409,"Hungary","Liechtenstein",0,0,20,53,1468,911,0,NA,33,557,1.61141602634468
"2647",10408,"Slovakia","Romania",1,5,19,24,1475,1449,-4,0.2,5,26,1.01794340924776
"2648",10408,"Romania","Slovakia",5,1,24,19,1449,1475,4,5,-5,-26,0.982372881355932
"2649",10407,"Lithuania","Czech Republic",0,4,48,22,1102,1458,-4,0,-26,-356,0.755829903978052
"2650",10407,"Czech Republic","Lithuania",4,0,22,48,1458,1102,4,Inf,26,356,1.32304900181488
"2651",10406,"Slovenia","Georgia",2,1,33,40,1369,1259,1,2,7,110,1.08737092930898
"2652",10406,"Georgia","Slovenia",1,2,40,33,1259,1369,-1,0.5,-7,-110,0.919649379108839
"2653",10405,"Albania","Latvia",3,3,35,49,1362,1081,0,1,14,281,1.25994449583719
"2654",10405,"Latvia","Albania",3,3,49,35,1081,1362,0,1,-14,-281,0.793685756240822
"2655",10404,"Denmark","Switzerland",2,1,7,9,1631,1606,1,2,2,25,1.01556662515567
"2656",10404,"Switzerland","Denmark",1,2,9,7,1606,1631,-1,0.5,-2,-25,0.984671980380135
"2657",10403,"Finland","Germany",1,2,30,8,1410,1609,-1,0.5,-22,-199,0.876320696084525
"2658",10403,"Germany","Finland",2,1,8,30,1609,1410,1,2,22,199,1.14113475177305
"2659",10402,"Iceland","Andorra",3,0,29,50,1415,1034,3,Inf,21,381,1.36847195357834
"2660",10402,"Andorra","Iceland",0,3,50,29,1034,1415,-3,0,-21,-381,0.730742049469965
"2661",10401,"Faroe Islands","Estonia",0,2,44,45,1165,1161,-2,0,1,4,1.00344530577089
"2662",10401,"Estonia","Faroe Islands",2,0,45,44,1161,1165,2,Inf,-1,-4,0.99656652360515
"2663",10400,"Ukraine","France",0,0,16,2,1514,1757,0,NA,-14,-243,0.861696072851451
"2664",10400,"France","Ukraine",0,0,2,16,1757,1514,0,NA,14,243,1.16050198150594
"2665",10399,"Sweden","Bulgaria",1,0,13,36,1569,1339,1,Inf,23,230,1.17176997759522
"2666",10399,"Bulgaria","Sweden",0,1,36,13,1339,1569,-1,0,-23,-230,0.853409815168897
"2667",10398,"Belarus","Wales",1,2,38,12,1276,1570,-1,0.5,-26,-294,0.812738853503185
"2668",10398,"Wales","Belarus",2,1,12,38,1570,1276,1,2,26,294,1.23040752351097
"2669",10397,"Austria","Spain",1,3,15,5,1523,1648,-2,0.333333333333333,-10,-125,0.924150485436893
"2670",10397,"Spain","Austria",3,1,5,15,1648,1523,2,3,10,125,1.08207485226527
"2671",10396,"Russia","Armenia",2,0,21,39,1462,1273,2,Inf,18,189,1.14846818538885
"2672",10396,"Armenia","Russia",0,2,39,21,1273,1462,-2,0,-18,-189,0.870725034199726
"2673",10395,"Norway","Greece",1,0,23,28,1452,1418,1,Inf,5,34,1.02397743300423
"2674",10395,"Greece","Norway",0,1,28,23,1418,1452,-1,0,-5,-34,0.976584022038568
"2675",10394,"England","Luxembourg",6,0,3,41,1686,1244,6,Inf,38,442,1.35530546623794
"2676",10394,"Luxembourg","England",0,6,41,3,1244,1686,-6,0,-38,-442,0.737841043890866
"2677",10393,"Northern Ireland","Turkey",0,3,27,18,1425,1505,-3,0,-9,-80,0.946843853820598
"2678",10393,"Turkey","Northern Ireland",3,0,18,27,1505,1425,3,Inf,9,80,1.05614035087719
"2679",10392,"Azerbaijan","Portugal",1,1,43,4,1168,1666,0,1,-39,-498,0.701080432172869
"2680",10392,"Portugal","Azerbaijan",1,1,4,43,1666,1168,0,1,39,498,1.4263698630137
"2681",10350,"Luxembourg","Poland",2,3,41,14,1244,1549,-1,0.666666666666667,-27,-305,0.803098773402195
"2682",10350,"Poland","Luxembourg",3,2,14,41,1549,1244,1,1.5,27,305,1.2451768488746
"2683",10349,"Greece","Latvia",1,2,28,49,1418,1081,-1,0.5,21,337,1.31174838112858
"2684",10349,"Latvia","Greece",2,1,49,28,1081,1418,1,2,-21,-337,0.762341325811001
"2685",10347,"Albania","Slovenia",0,1,35,33,1362,1369,-1,0,-2,-7,0.994886778670562
"2686",10347,"Slovenia","Albania",1,0,33,35,1369,1362,1,Inf,2,7,1.00513950073421
"2687",10346,"Bulgaria","England",1,1,36,3,1339,1686,0,1,-33,-347,0.794187425860024
"2688",10346,"England","Bulgaria",1,1,3,36,1686,1339,0,1,33,347,1.25914861837192
"2689",10345,"Moldova","Finland",0,0,52,30,948,1410,0,NA,-22,-462,0.672340425531915
"2690",10345,"Finland","Moldova",0,0,30,52,1410,948,0,NA,22,462,1.4873417721519
"2691",10344,"Estonia","Lithuania",1,2,45,48,1161,1102,-1,0.5,3,59,1.0535390199637
"2692",10344,"Lithuania","Estonia",2,1,48,45,1102,1161,1,2,-3,-59,0.949181739879414
"2693",10343,"Russia","Iceland",1,0,21,29,1462,1415,1,Inf,8,47,1.03321554770318
"2694",10343,"Iceland","Russia",0,1,29,21,1415,1462,-1,0,-8,-47,0.967852257181943
"2695",10342,"Armenia","Ukraine",0,0,39,16,1273,1514,0,NA,-23,-241,0.840819022457067
"2696",10342,"Ukraine","Armenia",0,0,16,39,1514,1273,0,NA,23,241,1.18931657501964
"2697",10340,"Yugoslavia","Malta",4,1,12,51,687,955,3,4,39,-268,0.719371727748691
"2698",10340,"Malta","Yugoslavia",1,4,51,12,955,687,-3,0.25,-39,268,1.3901018922853
"2699",10339,"Israel","Austria",5,0,37,15,1283,1523,5,Inf,-22,-240,0.842416283650689
"2700",10339,"Austria","Israel",0,5,15,37,1523,1283,-5,0,22,240,1.18706157443492
"2701",10338,"Portugal","Slovakia",1,0,4,19,1666,1475,1,Inf,15,191,1.12949152542373
"2702",10338,"Slovakia","Portugal",0,1,19,4,1475,1666,-1,0,-15,-191,0.885354141656663
"2703",10337,"Spain","San Marino",9,0,5,55,1648,804,9,Inf,50,844,2.04975124378109
"2704",10337,"San Marino","Spain",0,9,55,5,804,1648,-9,0,-50,-844,0.487864077669903
"2705",10335,"France","Russia",2,3,2,21,1757,1462,-1,0.666666666666667,19,295,1.20177838577291
"2706",10335,"Russia","France",3,2,21,2,1462,1757,1,1.5,-19,-295,0.832100170745589
"2707",10334,"Italy","Wales",4,0,6,12,1642,1570,4,Inf,6,72,1.04585987261146
"2708",10334,"Wales","Italy",0,4,12,6,1570,1642,-4,0,-6,-72,0.956151035322777
"2709",10332,"Romania","Hungary",2,0,24,20,1449,1468,2,Inf,-4,-19,0.987057220708447
"2710",10332,"Hungary","Romania",0,2,20,24,1468,1449,-2,0,4,19,1.01311249137336
"2711",10331,"Denmark","Belarus",1,0,7,38,1631,1276,1,Inf,31,355,1.2782131661442
"2712",10331,"Belarus","Denmark",0,1,38,7,1276,1631,-1,0,-31,-355,0.782342121397915
"2713",10329,"Georgia","Greece",1,2,40,28,1259,1418,-1,0.5,-12,-159,0.88787023977433
"2714",10329,"Greece","Georgia",2,1,28,40,1418,1259,1,2,12,159,1.12629070691025
"2715",10328,"Ukraine","Andorra",4,0,16,50,1514,1034,4,Inf,34,480,1.4642166344294
"2716",10328,"Andorra","Ukraine",0,4,50,16,1034,1514,-4,0,-34,-480,0.682959048877147
"2717",10327,"Finland","Turkey",2,4,30,18,1410,1505,-2,0.5,-12,-95,0.93687707641196
"2718",10327,"Turkey","Finland",4,2,18,30,1505,1410,2,2,12,95,1.06737588652482
"2719",10326,"Faroe Islands","Scotland",1,1,44,25,1165,1441,0,1,-19,-276,0.808466342817488
"2720",10326,"Scotland","Faroe Islands",1,1,25,44,1441,1165,0,1,19,276,1.23690987124464
"2721",10325,"Estonia","Czech Republic",0,2,45,22,1161,1458,-2,0,-23,-297,0.796296296296296
"2722",10325,"Czech Republic","Estonia",2,0,22,45,1458,1161,2,Inf,23,297,1.25581395348837
"2723",10324,"Iceland","Armenia",2,0,29,39,1415,1273,2,Inf,10,142,1.11154752553024
"2724",10324,"Armenia","Iceland",0,2,39,29,1273,1415,-2,0,-10,-142,0.899646643109541
"2725",10323,"Albania","Norway",1,2,35,23,1362,1452,-1,0.5,-12,-90,0.93801652892562
"2726",10323,"Norway","Albania",2,1,23,35,1452,1362,1,2,12,90,1.06607929515419
"2727",10322,"Latvia","Slovenia",1,2,49,33,1081,1369,-1,0.5,-16,-288,0.789627465303141
"2728",10322,"Slovenia","Latvia",2,1,33,49,1369,1081,1,2,16,288,1.26641998149861
"2729",10321,"England","Sweden",0,0,3,13,1686,1569,0,NA,10,117,1.07456978967495
"2730",10321,"Sweden","England",0,0,13,3,1569,1686,0,NA,-10,-117,0.930604982206406
"2731",10320,"Azerbaijan","Liechtenstein",4,0,43,53,1168,911,4,Inf,10,257,1.2821075740944
"2732",10320,"Liechtenstein","Azerbaijan",0,4,53,43,911,1168,-4,0,-10,-257,0.779965753424658
"2733",10318,"Poland","Bulgaria",2,0,14,36,1549,1339,2,Inf,22,210,1.15683345780433
"2734",10318,"Bulgaria","Poland",0,2,36,14,1339,1549,-2,0,-22,-210,0.86442866365397
"2735",10317,"Germany","Moldova",6,1,8,52,1609,948,5,6,44,661,1.69725738396624
"2736",10317,"Moldova","Germany",1,6,52,8,948,1609,-5,0.166666666666667,-44,-661,0.589185829707893
"2737",10315,"Norway","Georgia",1,0,23,40,1452,1259,1,Inf,17,193,1.15329626687847
"2738",10315,"Georgia","Norway",0,1,40,23,1259,1452,-1,0,-17,-193,0.867079889807163
"2739",10149,"Latvia","Georgia",1,0,49,40,1081,1259,1,Inf,-9,-178,0.858617950754567
"2740",10149,"Georgia","Latvia",0,1,40,49,1259,1081,-1,0,9,178,1.16466234967623
"2741",10148,"Liechtenstein","Slovakia",0,4,53,19,911,1475,-4,0,-34,-564,0.617627118644068
"2742",10148,"Slovakia","Liechtenstein",4,0,19,53,1475,911,4,Inf,34,564,1.61909989023052
"2743",10147,"England","Bulgaria",0,0,3,36,1686,1339,0,NA,33,347,1.25914861837192
"2744",10147,"Bulgaria","England",0,0,36,3,1339,1686,0,NA,-33,-347,0.794187425860024
"2745",10146,"Scotland","Estonia",3,2,25,45,1441,1161,1,1.5,20,280,1.2411714039621
"2746",10146,"Estonia","Scotland",2,3,45,25,1161,1441,-1,0.666666666666667,-20,-280,0.805690492713393
"2747",10145,"Northern Ireland","Finland",1,0,27,30,1425,1410,1,Inf,3,15,1.01063829787234
"2748",10145,"Finland","Northern Ireland",0,1,30,27,1410,1425,-1,0,-3,-15,0.989473684210526
"2749",10144,"Armenia","Iceland",0,0,39,29,1273,1415,0,NA,-10,-142,0.899646643109541
"2750",10144,"Iceland","Armenia",0,0,29,39,1415,1273,0,NA,10,142,1.11154752553024
"2751",10143,"Azerbaijan","Hungary",0,4,43,20,1168,1468,-4,0,-23,-300,0.795640326975477
"2752",10143,"Hungary","Azerbaijan",4,0,20,43,1468,1168,4,Inf,23,300,1.25684931506849
"2753",10140,"Spain","Russia",1,0,5,21,1648,1462,1,Inf,16,186,1.12722298221614
"2754",10140,"Russia","Spain",0,1,21,5,1462,1648,-1,0,-16,-186,0.887135922330097
"2755",10137,"Hungary","Portugal",1,3,20,4,1468,1666,-2,0.333333333333333,-16,-198,0.881152460984394
"2756",10137,"Portugal","Hungary",3,1,4,20,1666,1468,2,3,16,198,1.13487738419619
"2757",10136,"Norway","Latvia",1,3,23,49,1452,1081,-2,0.333333333333333,26,371,1.3432007400555
"2758",10136,"Latvia","Norway",3,1,49,23,1081,1452,2,3,-26,-371,0.744490358126722
"2759",10134,"Bulgaria","Poland",0,3,36,14,1339,1549,-3,0,-22,-210,0.86442866365397
"2760",10134,"Poland","Bulgaria",3,0,14,36,1549,1339,3,Inf,22,210,1.15683345780433
"2761",10133,"Greece","Slovenia",2,2,28,33,1418,1369,0,1,5,49,1.03579254930606
"2762",10133,"Slovenia","Greece",2,2,33,28,1369,1418,0,1,-5,-49,0.965444287729196
"2763",10132,"Faroe Islands","Czech Republic",0,1,44,22,1165,1458,-1,0,-22,-293,0.799039780521262
"2764",10132,"Czech Republic","Faroe Islands",1,0,22,44,1458,1165,1,Inf,22,293,1.25150214592275
"2765",10131,"Cyprus","Spain",3,2,42,5,1240,1648,1,1.5,-37,-408,0.752427184466019
"2766",10131,"Spain","Cyprus",2,3,5,42,1648,1240,-1,0.666666666666667,37,408,1.32903225806452
"2767",10130,"Wales","Italy",0,2,12,6,1570,1642,-2,0,-6,-72,0.956151035322777
"2768",10130,"Italy","Wales",2,0,6,12,1642,1570,2,Inf,6,72,1.04585987261146
"2769",10129,"Iceland","France",1,1,29,2,1415,1757,0,1,-27,-342,0.805350028457598
"2770",10129,"France","Iceland",1,1,2,29,1757,1415,0,1,27,342,1.24169611307421
"2771",10128,"Austria","Israel",1,1,15,37,1523,1283,0,1,22,240,1.18706157443492
"2772",10128,"Israel","Austria",1,1,37,15,1283,1523,0,1,-22,-240,0.842416283650689
"2773",10126,"Slovakia","Azerbaijan",3,0,19,43,1475,1168,3,Inf,24,307,1.26284246575342
"2774",10126,"Azerbaijan","Slovakia",0,3,43,19,1168,1475,-3,0,-24,-307,0.791864406779661
"2775",10125,"Germany","Romania",1,1,8,24,1609,1449,0,1,16,160,1.1104209799862
"2776",10125,"Romania","Germany",1,1,24,8,1449,1609,0,1,-16,-160,0.900559353635799
"2777",10124,"Turkey","Northern Ireland",3,0,18,27,1505,1425,3,Inf,9,80,1.05614035087719
"2778",10124,"Northern Ireland","Turkey",0,3,27,18,1425,1505,-3,0,-9,-80,0.946843853820598
"2779",10123,"Belarus","Denmark",0,0,38,7,1276,1631,0,NA,-31,-355,0.782342121397915
"2780",10123,"Denmark","Belarus",0,0,7,38,1631,1276,0,NA,31,355,1.2782131661442
"2781",10122,"Ukraine","Russia",3,2,16,21,1514,1462,1,1.5,5,52,1.03556771545828
"2782",10122,"Russia","Ukraine",2,3,21,16,1462,1514,-1,0.666666666666667,-5,-52,0.965653896961691
"2783",10121,"Sweden","England",2,1,13,3,1569,1686,1,2,-10,-117,0.930604982206406
"2784",10121,"England","Sweden",1,2,3,13,1686,1569,-1,0.5,10,117,1.07456978967495
"2785",10120,"Finland","Moldova",3,2,30,52,1410,948,1,1.5,22,462,1.4873417721519
"2786",10120,"Moldova","Finland",2,3,52,30,948,1410,-1,0.666666666666667,-22,-462,0.672340425531915
"2787",10118,"Lithuania","Scotland",0,0,48,25,1102,1441,0,NA,-23,-339,0.764746703678001
"2788",10118,"Scotland","Lithuania",0,0,25,48,1441,1102,0,NA,23,339,1.30762250453721
"2789",10117,"Georgia","Albania",1,0,40,35,1259,1362,1,Inf,-5,-103,0.924375917767988
"2790",10117,"Albania","Georgia",0,1,35,40,1362,1259,-1,0,5,103,1.08181096108022
"2791",10116,"Armenia","Andorra",3,1,39,50,1273,1034,2,3,11,239,1.23114119922631
"2792",10116,"Andorra","Armenia",1,3,50,39,1034,1273,-2,0.333333333333333,-11,-239,0.812254516889238
"2793",10115,"Yugoslavia","Switzerland",1,1,12,9,687,1606,0,1,-3,-919,0.427770859277709
"2794",10115,"Switzerland","Yugoslavia",1,1,9,12,1606,687,0,1,3,919,2.33770014556041
"2795",10114,"Romania","Liechtenstein",7,0,24,53,1449,911,7,Inf,29,538,1.59055982436883
"2796",10114,"Liechtenstein","Romania",0,7,53,24,911,1449,-7,0,-29,-538,0.628709454796411
"2797",10113,"Malta","Germany",1,2,51,8,955,1609,-1,0.5,-43,-654,0.593536357986327
"2798",10113,"Germany","Malta",2,1,8,51,1609,955,1,2,43,654,1.6848167539267
"2799",10112,"Estonia","Moldova",0,1,45,52,1161,948,-1,0,7,213,1.2246835443038
"2800",10112,"Moldova","Estonia",1,0,52,45,948,1161,1,Inf,-7,-213,0.816537467700258
"2801",10111,"Iceland","Latvia",4,1,29,49,1415,1081,3,4,20,334,1.30897317298797
"2802",10111,"Latvia","Iceland",1,4,49,29,1081,1415,-3,0.25,-20,-334,0.763957597173145
"2803",10068,"Estonia","Latvia",0,2,45,49,1161,1081,-2,0,4,80,1.07400555041628
"2804",10068,"Latvia","Estonia",2,0,49,45,1081,1161,2,Inf,-4,-80,0.931093884582257
"2805",10067,"Bulgaria","Spain",1,6,36,5,1339,1648,-5,0.166666666666667,-31,-309,0.8125
"2806",10067,"Spain","Bulgaria",6,1,5,36,1648,1339,5,6,31,309,1.23076923076923
"2807",10066,"France","Denmark",2,1,2,7,1757,1631,1,2,5,126,1.07725321888412
"2808",10066,"Denmark","France",1,2,7,2,1631,1757,-1,0.5,-5,-126,0.928286852589641
"2809",10065,"Andorra","Azerbaijan",0,0,50,43,1034,1168,0,NA,-7,-134,0.88527397260274
"2810",10065,"Azerbaijan","Andorra",0,0,43,50,1168,1034,0,NA,7,134,1.12959381044487
"2811",10062,"Austria","Italy",1,2,15,6,1523,1642,-1,0.5,-9,-119,0.927527405602923
"2812",10062,"Italy","Austria",2,1,6,15,1642,1523,1,2,9,119,1.07813525935653
"2813",10061,"England","Romania",1,2,3,24,1686,1449,-1,0.5,21,237,1.16356107660455
"2814",10061,"Romania","England",2,1,24,3,1449,1686,1,2,-21,-237,0.859430604982206
"2815",10060,"Estonia","Andorra",2,1,45,50,1161,1034,1,2,5,127,1.12282398452611
"2816",10060,"Andorra","Estonia",1,2,50,45,1034,1161,-1,0.5,-5,-127,0.890611541774332
"2817",10059,"Germany","Yugoslavia",2,2,8,12,1609,687,0,1,4,922,2.34206695778748
"2818",10059,"Yugoslavia","Germany",2,2,12,8,687,1609,0,1,-4,-922,0.42697327532629
"2819",10049,"Norway","Scotland",1,1,23,25,1452,1441,0,1,2,11,1.00763358778626
"2820",10049,"Scotland","Norway",1,1,25,23,1441,1452,0,1,-2,-11,0.992424242424242
"2821",10043,"Belgium","Netherlands",0,0,1,11,1783,1598,0,NA,10,185,1.11576971214018
"2822",10043,"Netherlands","Belgium",0,0,11,1,1598,1783,0,NA,-10,-185,0.896242288278183
"2823",10034,"Belarus","Lithuania",5,0,38,48,1276,1102,5,Inf,10,174,1.15789473684211
"2824",10034,"Lithuania","Belarus",0,5,48,38,1102,1276,-5,0,-10,-174,0.863636363636364
"2825",10033,"Switzerland","Yugoslavia",1,1,9,12,1606,687,0,1,3,919,2.33770014556041
"2826",10033,"Yugoslavia","Switzerland",1,1,12,9,687,1606,0,1,-3,-919,0.427770859277709
"2827",10028,"Romania","Moldova",5,1,24,52,1449,948,4,5,28,501,1.52848101265823
"2828",10028,"Moldova","Romania",1,5,52,24,948,1449,-4,0.2,-28,-501,0.65424430641822
"2829",10026,"Germany","Luxembourg",7,0,8,41,1609,1244,7,Inf,33,365,1.29340836012862
"2830",10026,"Luxembourg","Germany",0,7,41,8,1244,1609,-7,0,-33,-365,0.773151025481666
"2831",10025,"Finland","France",0,1,30,2,1410,1757,-1,0,-28,-347,0.802504268639727
"2832",10025,"France","Finland",1,0,2,30,1757,1410,1,Inf,28,347,1.24609929078014
"2833",10022,"Estonia","Faroe Islands",5,0,45,44,1161,1165,5,Inf,-1,-4,0.99656652360515
"2834",10022,"Faroe Islands","Estonia",0,5,44,45,1165,1161,-5,0,1,4,1.00344530577089
"2835",10021,"Spain","Northern Ireland",4,1,5,27,1648,1425,3,4,22,223,1.15649122807018
"2836",10021,"Northern Ireland","Spain",1,4,27,5,1425,1648,-3,0.25,-22,-223,0.864684466019418
"2837",10019,"Malta","Wales",0,3,51,12,955,1570,-3,0,-39,-615,0.60828025477707
"2838",10019,"Wales","Malta",3,0,12,51,1570,955,3,Inf,39,615,1.64397905759162
"2839",10013,"Sweden","Italy",1,0,13,6,1569,1642,1,Inf,-7,-73,0.955542021924482
"2840",10013,"Italy","Sweden",0,1,6,13,1642,1569,-1,0,7,73,1.04652644996813
"2841",10012,"Austria","Liechtenstein",6,0,15,53,1523,911,6,Inf,38,612,1.67178924259056
"2842",10012,"Liechtenstein","Austria",0,6,53,15,911,1523,-6,0,-38,-612,0.598161523309258
"2843",10007,"Georgia","Russia",1,1,40,21,1259,1462,0,1,-19,-203,0.861149110807114
"2844",10007,"Russia","Georgia",1,1,21,40,1462,1259,0,1,19,203,1.16123907863384
"2845",10004,"Belgium","England",0,0,1,3,1783,1686,0,NA,2,97,1.05753262158956
"2846",10004,"England","Belgium",0,0,3,1,1686,1783,0,NA,-2,-97,0.94559730790802
"2847",10003,"Croatia","Slovakia",1,2,10,19,1605,1475,-1,0.5,9,130,1.08813559322034
"2848",10003,"Slovakia","Croatia",2,1,19,10,1475,1605,1,2,-9,-130,0.919003115264797
"2849",10002,"Sweden","Denmark",3,0,13,7,1569,1631,3,Inf,-6,-62,0.961986511342734
"2850",10002,"Denmark","Sweden",0,3,7,13,1631,1569,-3,0,6,62,1.03951561504143
"2851",10001,"Belgium","France",0,1,1,2,1783,1757,-1,0,1,26,1.01479795105293
"2852",10001,"France","Belgium",1,0,2,1,1757,1783,1,Inf,-1,-26,0.985417835109366
"2853",9999,"Poland","Russia",3,1,14,21,1549,1462,2,3,7,87,1.05950752393981
"2854",9999,"Russia","Poland",1,3,21,14,1462,1549,-2,0.333333333333333,-7,-87,0.943834732085216
"2855",9997,"Finland","Germany",0,0,30,8,1410,1609,0,NA,-22,-199,0.876320696084525
"2856",9997,"Germany","Finland",0,0,8,30,1609,1410,0,NA,22,199,1.14113475177305
"2857",9994,"Hungary","Lithuania",1,0,20,48,1468,1102,1,Inf,28,366,1.33212341197822
"2858",9994,"Lithuania","Hungary",0,1,48,20,1102,1468,-1,0,-28,-366,0.750681198910082
"2859",9347,"Northern Ireland","Austria",5,3,27,15,1425,1523,2,1.66666666666667,-12,-98,0.935653315824032
"2860",9347,"Austria","Northern Ireland",3,5,15,27,1523,1425,-2,0.6,12,98,1.06877192982456
"2861",9346,"Scotland","San Marino",5,0,25,55,1441,804,5,Inf,30,637,1.79228855721393
"2862",9346,"San Marino","Scotland",0,5,55,25,804,1441,-5,0,-30,-637,0.55794587092297
"2863",9345,"England","Switzerland",3,1,3,9,1686,1606,2,3,6,80,1.04981320049813
"2864",9345,"Switzerland","England",1,3,9,3,1606,1686,-2,0.333333333333333,-6,-80,0.952550415183867
"2865",9344,"France","Israel",2,0,2,37,1757,1283,2,Inf,35,474,1.36944660950896
"2866",9344,"Israel","France",0,2,37,2,1283,1757,-2,0,-35,-474,0.730221969265794
"2867",9343,"Slovenia","Croatia",1,2,33,10,1369,1605,-1,0.5,-23,-236,0.852959501557632
"2868",9343,"Croatia","Slovenia",2,1,10,33,1605,1369,1,2,23,236,1.17238860482104
"2869",9342,"Italy","Lithuania",4,0,6,48,1642,1102,4,Inf,42,540,1.49001814882033
"2870",9342,"Lithuania","Italy",0,4,48,6,1102,1642,-4,0,-42,-540,0.671132764920828
"2871",9341,"Czech Republic","Luxembourg",3,0,22,41,1458,1244,3,Inf,19,214,1.17202572347267
"2872",9341,"Luxembourg","Czech Republic",0,3,41,22,1244,1458,-3,0,-19,-214,0.853223593964335
"2873",9340,"Netherlands","Norway",3,0,11,23,1598,1452,3,Inf,12,146,1.10055096418733
"2874",9340,"Norway","Netherlands",0,3,23,11,1452,1598,-3,0,-12,-146,0.908635794743429
"2875",9339,"Germany","Bulgaria",3,1,8,36,1609,1339,2,3,28,270,1.201643017177
"2876",9339,"Bulgaria","Germany",1,3,36,8,1339,1609,-2,0.333333333333333,-28,-270,0.83219390926041
"2877",9338,"Denmark","Armenia",3,1,7,39,1631,1273,2,3,32,358,1.28122545168892
"2878",9338,"Armenia","Denmark",1,3,39,7,1273,1631,-2,0.333333333333333,-32,-358,0.780502759043532
"2879",9337,"Sweden","Turkey",2,2,13,18,1569,1505,0,1,5,64,1.04252491694352
"2880",9337,"Turkey","Sweden",2,2,18,13,1505,1569,0,1,-5,-64,0.959209687699171
"2881",9336,"Greece","Faroe Islands",5,0,28,44,1418,1165,5,Inf,16,253,1.21716738197425
"2882",9336,"Faroe Islands","Greece",0,5,44,28,1165,1418,-5,0,-16,-253,0.821579689703808
"2883",9335,"Cyprus","Belgium",1,1,42,1,1240,1783,0,1,-41,-543,0.695457094784072
"2884",9335,"Belgium","Cyprus",1,1,1,42,1783,1240,0,1,41,543,1.43790322580645
"2885",9334,"Russia","Finland",3,1,21,30,1462,1410,2,3,9,52,1.03687943262411
"2886",9334,"Finland","Russia",1,3,30,21,1410,1462,-2,0.333333333333333,-9,-52,0.964432284541724
"2887",9333,"Slovakia","Romania",0,2,19,24,1475,1449,-2,0,5,26,1.01794340924776
"2888",9333,"Romania","Slovakia",2,0,24,19,1449,1475,2,Inf,-5,-26,0.982372881355932
"2889",9332,"Moldova","Georgia",3,2,52,40,948,1259,1,1.5,-12,-311,0.752978554408261
"2890",9332,"Georgia","Moldova",2,3,40,52,1259,948,-1,0.666666666666667,12,311,1.32805907172996
"2891",9331,"Azerbaijan","Poland",0,0,43,14,1168,1549,0,NA,-29,-381,0.754034861200775
"2892",9331,"Poland","Azerbaijan",0,0,14,43,1549,1168,0,NA,29,381,1.32619863013699
"2893",9330,"Albania","Wales",1,1,35,12,1362,1570,0,1,-23,-208,0.867515923566879
"2894",9330,"Wales","Albania",1,1,12,35,1570,1362,0,1,23,208,1.15271659324523
"2895",9328,"Malta","Belarus",0,2,51,38,955,1276,-2,0,-13,-321,0.748432601880878
"2896",9328,"Belarus","Malta",2,0,38,51,1276,955,2,Inf,13,321,1.33612565445026
"2897",9327,"Italy","Ukraine",3,1,6,16,1642,1514,2,3,10,128,1.08454425363276
"2898",9327,"Ukraine","Italy",1,3,16,6,1514,1642,-2,0.333333333333333,-10,-128,0.92204628501827
"2899",9326,"Hungary","Iceland",1,0,20,29,1468,1415,1,Inf,9,53,1.03745583038869
"2900",9326,"Iceland","Hungary",0,1,29,20,1415,1468,-1,0,-9,-53,0.963896457765668
"2901",9325,"Iceland","Turkey",0,0,29,18,1415,1505,0,NA,-11,-90,0.940199335548173
"2902",9325,"Turkey","Iceland",0,0,18,29,1505,1415,0,NA,11,90,1.06360424028269
"2903",9324,"Wales","Germany",1,2,12,8,1570,1609,-1,0.5,-4,-39,0.975761342448726
"2904",9324,"Germany","Wales",2,1,8,12,1609,1570,1,2,4,39,1.02484076433121
"2905",9323,"San Marino","Faroe Islands",1,3,55,44,804,1165,-2,0.333333333333333,-11,-361,0.690128755364807
"2906",9323,"Faroe Islands","San Marino",3,1,44,55,1165,804,2,3,11,361,1.44900497512438
"2907",9322,"Austria","Portugal",1,1,15,4,1523,1666,0,1,-11,-143,0.914165666266507
"2908",9322,"Portugal","Austria",1,1,4,15,1666,1523,0,1,11,143,1.09389363099146
"2909",9321,"Norway","England",0,0,23,3,1452,1686,0,NA,-20,-234,0.861209964412811
"2910",9321,"England","Norway",0,0,3,23,1686,1452,0,NA,20,234,1.16115702479339
"2911",9320,"Malta","Netherlands",0,4,51,11,955,1598,-4,0,-40,-643,0.597622027534418
"2912",9320,"Netherlands","Malta",4,0,11,51,1598,955,4,Inf,40,643,1.67329842931937
"2913",9319,"Luxembourg","Belarus",0,0,41,38,1244,1276,0,NA,-3,-32,0.974921630094044
"2914",9319,"Belarus","Luxembourg",0,0,38,41,1276,1244,0,NA,3,32,1.02572347266881
"2915",9317,"Switzerland","Hungary",3,0,9,20,1606,1468,3,Inf,11,138,1.09400544959128
"2916",9317,"Hungary","Switzerland",0,3,20,9,1468,1606,-3,0,-11,-138,0.914072229140722
"2917",9316,"Denmark","Spain",1,1,7,5,1631,1648,0,1,-2,-17,0.989684466019418
"2918",9316,"Spain","Denmark",1,1,5,7,1648,1631,0,1,2,17,1.01042305334151
"2919",9315,"Sweden","Scotland",2,0,13,25,1569,1441,2,Inf,12,128,1.08882720333102
"2920",9315,"Scotland","Sweden",0,2,25,13,1441,1569,-2,0,-12,-128,0.918419375398343
"2921",9314,"Russia","Greece",2,1,21,28,1462,1418,1,2,7,44,1.03102961918195
"2922",9314,"Greece","Russia",1,2,28,21,1418,1462,-1,0.5,-7,-44,0.969904240766074
"2923",9313,"Romania","France",1,3,24,2,1449,1757,-2,0.333333333333333,-22,-308,0.824701195219124
"2924",9313,"France","Romania",3,1,2,24,1757,1449,2,3,22,308,1.21256038647343
"2925",9311,"Slovenia","Ukraine",3,2,33,16,1369,1514,1,1.5,-17,-145,0.904227212681638
"2926",9311,"Ukraine","Slovenia",2,3,16,33,1514,1369,-1,0.666666666666667,17,145,1.10591672753835
"2927",9190,"Hungary","Sweden",1,0,20,13,1468,1569,1,Inf,-7,-101,0.935627788400255
"2928",9190,"Sweden","Hungary",0,1,13,20,1569,1468,-1,0,7,101,1.06880108991826
"2929",9189,"Faroe Islands","Finland",0,4,44,30,1165,1410,-4,0,-14,-245,0.826241134751773
"2930",9189,"Finland","Faroe Islands",4,0,30,44,1410,1165,4,Inf,14,245,1.21030042918455
"2931",9188,"Norway","Luxembourg",5,0,23,41,1452,1244,5,Inf,18,208,1.16720257234727
"2932",9188,"Luxembourg","Norway",0,5,41,23,1244,1452,-5,0,-18,-208,0.856749311294766
"2933",9187,"Greece","Russia",0,3,28,21,1418,1462,-3,0,-7,-44,0.969904240766074
"2934",9187,"Russia","Greece",3,0,21,28,1462,1418,3,Inf,7,44,1.03102961918195
"2935",9186,"Switzerland","Turkey",1,2,9,18,1606,1505,-1,0.5,9,101,1.06710963455149
"2936",9186,"Turkey","Switzerland",2,1,18,9,1505,1606,1,2,-9,-101,0.937110834371108
"2937",9185,"Germany","Wales",1,1,8,12,1609,1570,0,1,4,39,1.02484076433121
"2938",9185,"Wales","Germany",1,1,12,8,1570,1609,0,1,-4,-39,0.975761342448726
"2939",9183,"Lithuania","Italy",0,1,48,6,1102,1642,-1,0,-42,-540,0.671132764920828
"2940",9183,"Italy","Lithuania",1,0,6,48,1642,1102,1,Inf,42,540,1.49001814882033
"2941",9182,"Austria","Liechtenstein",7,0,15,53,1523,911,7,Inf,38,612,1.67178924259056
"2942",9182,"Liechtenstein","Austria",0,7,53,15,911,1523,-7,0,-38,-612,0.598161523309258
"2943",9181,"Belarus","Malta",1,1,38,51,1276,955,0,1,13,321,1.33612565445026
"2944",9181,"Malta","Belarus",1,1,51,38,955,1276,0,1,-13,-321,0.748432601880878
"2945",9180,"Latvia","Northern Ireland",0,1,49,27,1081,1425,-1,0,-22,-344,0.75859649122807
"2946",9180,"Northern Ireland","Latvia",1,0,27,49,1425,1081,1,Inf,22,344,1.31822386679001
"2947",9179,"Moldova","Bulgaria",0,3,52,36,948,1339,-3,0,-16,-391,0.707991038088125
"2948",9179,"Bulgaria","Moldova",3,0,36,52,1339,948,3,Inf,16,391,1.41244725738397
"2949",9178,"Azerbaijan","Romania",1,4,43,24,1168,1449,-3,0.25,-19,-281,0.806073153899241
"2950",9178,"Romania","Azerbaijan",4,1,24,43,1449,1168,3,4,19,281,1.24058219178082
"2951",9177,"Estonia","Ukraine",0,1,45,16,1161,1514,-1,0,-29,-353,0.766842800528402
"2952",9177,"Ukraine","Estonia",1,0,16,45,1514,1161,1,Inf,29,353,1.30404823428079
"2953",9176,"Armenia","Spain",0,2,39,5,1273,1648,-2,0,-34,-375,0.77245145631068
"2954",9176,"Spain","Armenia",2,0,5,39,1648,1273,2,Inf,34,375,1.29457973291438
"2955",9175,"Georgia","Albania",2,0,40,35,1259,1362,2,Inf,-5,-103,0.924375917767988
"2956",9175,"Albania","Georgia",0,2,35,40,1362,1259,-2,0,5,103,1.08181096108022
"2957",9174,"Poland","Israel",4,3,14,37,1549,1283,1,1.33333333333333,23,266,1.20732657833203
"2958",9174,"Israel","Poland",3,4,37,14,1283,1549,-1,0.75,-23,-266,0.828276307295029
"2959",9169,"Spain","Belgium",1,1,5,1,1648,1783,0,1,-4,-135,0.924284913067863
"2960",9169,"Belgium","Spain",1,1,1,5,1783,1648,0,1,4,135,1.08191747572816
"2961",9167,"Ukraine","Italy",0,2,16,6,1514,1642,-2,0,-10,-128,0.92204628501827
"2962",9167,"Italy","Ukraine",2,0,6,16,1642,1514,2,Inf,10,128,1.08454425363276
"2963",9166,"Netherlands","Malta",4,0,11,51,1598,955,4,Inf,40,643,1.67329842931937
"2964",9166,"Malta","Netherlands",0,4,51,11,955,1598,-4,0,-40,-643,0.597622027534418
"2965",9165,"Hungary","Switzerland",2,2,20,9,1468,1606,0,1,-11,-138,0.914072229140722
"2966",9165,"Switzerland","Hungary",2,2,9,20,1606,1468,0,1,11,138,1.09400544959128
"2967",9164,"Slovenia","Estonia",3,0,33,45,1369,1161,3,Inf,12,208,1.17915590008613
"2968",9164,"Estonia","Slovenia",0,3,45,33,1161,1369,-3,0,-12,-208,0.848064280496713
"2969",9163,"Luxembourg","Norway",0,2,41,23,1244,1452,-2,0,-18,-208,0.856749311294766
"2970",9163,"Norway","Luxembourg",2,0,23,41,1452,1244,2,Inf,18,208,1.16720257234727
"2971",9162,"Turkey","Sweden",2,1,18,13,1505,1569,1,2,-5,-64,0.959209687699171
"2972",9162,"Sweden","Turkey",1,2,13,18,1569,1505,-1,0.5,5,64,1.04252491694352
"2973",9161,"Cyprus","Denmark",1,1,42,7,1240,1631,0,1,-35,-391,0.76026977314531
"2974",9161,"Denmark","Cyprus",1,1,7,42,1631,1240,0,1,35,391,1.31532258064516
"2975",9160,"Austria","Latvia",5,0,15,49,1523,1081,5,Inf,34,442,1.40888066604995
"2976",9160,"Latvia","Austria",0,5,49,15,1081,1523,-5,0,-34,-442,0.70978332239002
"2977",9159,"San Marino","Finland",0,2,55,30,804,1410,-2,0,-25,-606,0.570212765957447
"2978",9159,"Finland","San Marino",2,0,30,55,1410,804,2,Inf,25,606,1.75373134328358
"2979",9158,"Georgia","Germany",0,2,40,8,1259,1609,-2,0,-32,-350,0.78247358607831
"2980",9158,"Germany","Georgia",2,0,8,40,1609,1259,2,Inf,32,350,1.27799841143765
"2981",9157,"Russia","Scotland",0,0,21,25,1462,1441,0,NA,4,21,1.0145732130465
"2982",9157,"Scotland","Russia",0,0,25,21,1441,1462,0,NA,-4,-21,0.985636114911081
"2983",9156,"Bulgaria","Wales",3,1,36,12,1339,1570,2,3,-24,-231,0.852866242038217
"2984",9156,"Wales","Bulgaria",1,3,12,36,1570,1339,-2,0.333333333333333,24,231,1.17251680358476
"2985",9155,"Slovakia","Azerbaijan",4,1,19,43,1475,1168,3,4,24,307,1.26284246575342
"2986",9155,"Azerbaijan","Slovakia",1,4,43,19,1168,1475,-3,0.25,-24,-307,0.791864406779661
"2987",9154,"Lithuania","Croatia",0,0,48,10,1102,1605,0,NA,-38,-503,0.686604361370717
"2988",9154,"Croatia","Lithuania",0,0,10,48,1605,1102,0,NA,38,503,1.45644283121597
"2989",9153,"Romania","Poland",2,1,24,14,1449,1549,1,2,-10,-100,0.935442220787605
"2990",9153,"Poland","Romania",1,2,14,24,1549,1449,-1,0.5,10,100,1.06901311249137
"2991",9152,"Israel","France",0,0,37,2,1283,1757,0,NA,-35,-474,0.730221969265794
"2992",9152,"France","Israel",0,0,2,37,1757,1283,0,NA,35,474,1.36944660950896
"2993",9151,"Czech Republic","Belarus",4,2,22,38,1458,1276,2,2,16,182,1.14263322884013
"2994",9151,"Belarus","Czech Republic",2,4,38,22,1276,1458,-2,0.5,-16,-182,0.87517146776406
"2995",9110,"Germany","Albania",2,1,8,35,1609,1362,1,2,27,247,1.18135095447871
"2996",9110,"Albania","Germany",1,2,35,8,1362,1609,-1,0.5,-27,-247,0.846488502175264
"2997",9109,"Belgium","Spain",1,4,1,5,1783,1648,-3,0.25,4,135,1.08191747572816
"2998",9109,"Spain","Belgium",4,1,5,1,1648,1783,3,4,-4,-135,0.924284913067863
"2999",9106,"Wales","Bulgaria",0,3,12,36,1570,1339,-3,0,24,231,1.17251680358476
"3000",9106,"Bulgaria","Wales",3,0,36,12,1339,1570,3,Inf,-24,-231,0.852866242038217
"3001",9105,"Netherlands","Luxembourg",5,0,11,41,1598,1244,5,Inf,30,354,1.28456591639871
"3002",9105,"Luxembourg","Netherlands",0,5,41,11,1244,1598,-5,0,-30,-354,0.778473091364205
"3003",9104,"Malta","Norway",0,1,51,23,955,1452,-1,0,-28,-497,0.65771349862259
"3004",9104,"Norway","Malta",1,0,23,51,1452,955,1,Inf,28,497,1.52041884816754
"3005",9103,"Turkey","Switzerland",1,2,18,9,1505,1606,-1,0.5,-9,-101,0.937110834371108
"3006",9103,"Switzerland","Turkey",2,1,9,18,1606,1505,1,2,9,101,1.06710963455149
"3007",9102,"Moldova","Germany",0,3,52,8,948,1609,-3,0,-44,-661,0.589185829707893
"3008",9102,"Germany","Moldova",3,0,8,52,1609,948,3,Inf,44,661,1.69725738396624
"3009",9101,"Finland","San Marino",4,1,30,55,1410,804,3,4,25,606,1.75373134328358
"3010",9101,"San Marino","Finland",1,4,55,30,804,1410,-3,0.25,-25,-606,0.570212765957447
"3011",9100,"Israel","Romania",1,1,37,24,1283,1449,0,1,-13,-166,0.88543823326432
"3012",9100,"Romania","Israel",1,1,24,37,1449,1283,0,1,13,166,1.12938425565082
"3013",9099,"Albania","Georgia",0,1,35,40,1362,1259,-1,0,5,103,1.08181096108022
"3014",9099,"Georgia","Albania",1,0,40,35,1259,1362,1,Inf,-5,-103,0.924375917767988
"3015",9098,"Azerbaijan","France",0,2,43,2,1168,1757,-2,0,-41,-589,0.664769493454752
"3016",9098,"France","Azerbaijan",2,0,2,43,1757,1168,2,Inf,41,589,1.50428082191781
"3017",9096,"Spain","Finland",2,0,5,30,1648,1410,2,Inf,25,238,1.16879432624113
"3018",9096,"Finland","Spain",0,2,30,5,1410,1648,-2,0,-25,-238,0.855582524271845
"3019",9095,"Israel","Cyprus",4,3,37,42,1283,1240,1,1.33333333333333,5,43,1.03467741935484
"3020",9095,"Cyprus","Israel",3,4,42,37,1240,1283,-1,0.75,-5,-43,0.966484801247077
"3021",9094,"Spain","Denmark",3,0,5,7,1648,1631,3,Inf,2,17,1.01042305334151
"3022",9094,"Denmark","Spain",0,3,7,5,1631,1648,-3,0,-2,-17,0.989684466019418
"3023",9093,"Scotland","Russia",1,1,25,21,1441,1462,0,1,-4,-21,0.985636114911081
"3024",9093,"Russia","Scotland",1,1,21,25,1462,1441,0,1,4,21,1.0145732130465
"3025",9090,"Italy","Croatia",1,2,6,10,1642,1605,-1,0.5,4,37,1.02305295950156
"3026",9090,"Croatia","Italy",2,1,10,6,1605,1642,1,2,-4,-37,0.977466504263094
"3027",9089,"Netherlands","Czech Republic",0,0,11,22,1598,1458,0,NA,11,140,1.0960219478738
"3028",9089,"Czech Republic","Netherlands",0,0,22,11,1458,1598,0,NA,-11,-140,0.912390488110138
"3029",9087,"Switzerland","Iceland",1,0,9,29,1606,1415,1,Inf,20,191,1.13498233215548
"3030",9087,"Iceland","Switzerland",0,1,29,9,1415,1606,-1,0,-20,-191,0.88107098381071
"3031",9086,"Greece","San Marino",2,0,28,55,1418,804,2,Inf,27,614,1.7636815920398
"3032",9086,"San Marino","Greece",0,2,55,28,804,1418,-2,0,-27,-614,0.566995768688293
"3033",9085,"Sweden","Hungary",2,0,13,20,1569,1468,2,Inf,7,101,1.06880108991826
"3034",9085,"Hungary","Sweden",0,2,20,13,1468,1569,-2,0,-7,-101,0.935627788400255
"3035",9084,"Slovenia","Lithuania",1,2,33,48,1369,1102,-1,0.5,15,267,1.24228675136116
"3036",9084,"Lithuania","Slovenia",2,1,48,33,1102,1369,1,2,-15,-267,0.804967129291454
"3037",9083,"Belarus","Norway",0,4,38,23,1276,1452,-4,0,-15,-176,0.878787878787879
"3038",9083,"Norway","Belarus",4,0,23,38,1452,1276,4,Inf,15,176,1.13793103448276
"3039",9082,"Finland","Faroe Islands",5,0,30,44,1410,1165,5,Inf,14,245,1.21030042918455
"3040",9082,"Faroe Islands","Finland",0,5,44,30,1165,1410,-5,0,-14,-245,0.826241134751773
"3041",9081,"Azerbaijan","Israel",0,2,43,37,1168,1283,-2,0,-6,-115,0.910366328916602
"3042",9081,"Israel","Azerbaijan",2,0,37,43,1283,1168,2,Inf,6,115,1.09845890410959
"3043",9080,"Cyprus","Armenia",2,0,42,39,1240,1273,2,Inf,-3,-33,0.974076983503535
"3044",9080,"Armenia","Cyprus",0,2,39,42,1273,1240,-2,0,3,33,1.02661290322581
"3045",9079,"Bulgaria","Moldova",4,1,36,52,1339,948,3,4,16,391,1.41244725738397
"3046",9079,"Moldova","Bulgaria",1,4,52,36,948,1339,-3,0.25,-16,-391,0.707991038088125
"3047",9078,"Poland","France",0,0,14,2,1549,1757,0,NA,-12,-208,0.881616391576551
"3048",9078,"France","Poland",0,0,2,14,1757,1549,0,NA,12,208,1.13428018076178
"3049",9077,"Albania","Germany",1,2,35,8,1362,1609,-1,0.5,-27,-247,0.846488502175264
"3050",9077,"Germany","Albania",2,1,8,35,1609,1362,1,2,27,247,1.18135095447871
"3051",9076,"Georgia","Wales",5,0,40,12,1259,1570,5,Inf,-28,-311,0.801910828025478
"3052",9076,"Wales","Georgia",0,5,12,40,1570,1259,-5,0,28,311,1.24702144559174
"3053",9075,"Liechtenstein","Latvia",0,1,53,49,911,1081,-1,0,-4,-170,0.842738205365402
"3054",9075,"Latvia","Liechtenstein",1,0,49,53,1081,911,1,Inf,4,170,1.18660812294182
"3055",9074,"Portugal","Austria",1,0,4,15,1666,1523,1,Inf,11,143,1.09389363099146
"3056",9074,"Austria","Portugal",0,1,15,4,1523,1666,-1,0,-11,-143,0.914165666266507
"3057",9073,"Ukraine","Estonia",3,0,16,45,1514,1161,3,Inf,29,353,1.30404823428079
"3058",9073,"Estonia","Ukraine",0,3,45,16,1161,1514,-3,0,-29,-353,0.766842800528402
"3059",9072,"Romania","Slovakia",3,2,24,19,1449,1475,1,1.5,-5,-26,0.982372881355932
"3060",9072,"Slovakia","Romania",2,3,19,24,1475,1449,-1,0.666666666666667,5,26,1.01794340924776
"3061",9071,"Latvia","Estonia",0,0,49,45,1081,1161,0,NA,-4,-80,0.931093884582257
"3062",9071,"Estonia","Latvia",0,0,45,49,1161,1081,0,NA,4,80,1.07400555041628
